---------------------------------------------------------------
Number of libraries explored: 155

Library 0 - Books Explored: 17
8930 65316 84637 36490 24972 58636 70381 50618 85809 44402 83315 593 22580 3066 4731 89917 11006

Library 4 - Books Explored: 188
84481 518 47113 66572 16396 96272 24594 28185 47131 28189 86047 40479 85031 65065 7726 76848 54836 44085 88629 5182 7743 34882 37445 24134 78918 94791 71750 34385 50258 6229 13922 69730 64104 44137 51306 48234 97390 36463 87154 48250 86652 36481 62086 7824 63122 57493 32918 86680 52890 60572 74405 40615 10408 81065 64682 69288 24235 62125 68781 41135 48298 10929 82609 47285 45238 4796 57020 84159 52417 66242 92353 26820 11461 83654 31946 53459 29915 11497 40683 92909 4337 44274 27894 28420 96005 75014 42245 3848 36616 34571 74509 33038 53009 60691 75539 35093 92954 38682 20260 57641 95018 97582 26934 42296 12604 33598 51008 15170 39235 10566 62278 32070 8524 28494 60243 90964 67925 39255 34652 39772 41822 7518 62814 99684 869 40294 83815 67940 81769 23910 84841 45420 24421 1901 51061 37751 8058 8059 51579 40317 63873 57220 77190 77702 14729 13195 19852 85901 84368 10649 51612 2463 29095 75175 56745 74155 23982 23471 62896 65969 77231 99251 22452 99766 39350 95670 75710 80830 22464 50626 12738 84425 86993 26577 87507 65502 76258 49125 60389 72166 38891 51180 4076 14317 58864 73712 35316 500

Library 23 - Books Explored: 124
38913 3073 15363 11267 70149 32775 519 41484 78351 61459 67603 50199 76826 33308 59935 94242 33826 53801 35373 18478 88110 70710 21048 40508 72258 69 28230 71237 62539 45651 47701 57431 70233 50265 8798 59494 81001 64617 88683 69227 22638 96367 47728 20600 41086 87167 93826 81031 41105 91801 73369 11940 54441 37033 62136 58045 68289 43206 19143 32967 95437 19667 85204 17620 92893 10477 82165 88312 18689 44295 53512 72455 64266 69900 33550 91408 10003 8467 24861 73501 97568 49443 26933 87862 15164 4412 73536 7496 54604 77133 21328 45916 58216 89449 40819 37239 5501 98688 19850 14221 45459 405 18328 23962 8100 74664 23987 83380 11702 96703 43460 93636 72134 12236 13267 99293 73186 60392 71145 59882 43499 70639 63986 76787

Library 27 - Books Explored: 318
71680 30727 28690 10265 75807 61488 75826 18486 75837 98370 92227 73810 75866 4193 65677 34966 30897 90302 14527 51399 47310 84183 57566 76004 78055 8428 67840 71938 10507 90383 57639 37160 80169 78141 84285 31041 72006 98645 41306 82268 24926 8551 33129 14700 33138 43379 33139 29054 59784 39308 61839 33171 86422 70039 51606 72091 41375 98723 39331 35236 24996 76199 59826 33211 33220 82375 63945 59858 41427 63955 82398 78307 20965 8686 80367 2555 84476 72195 25093 68106 39437 78359 27164 66081 41511 45609 45610 27190 70204 66109 41559 47708 72289 78436 2667 49784 86648 14971 60028 78461 25219 6790 70285 72334 55952 53914 2722 43685 62121 94892 43703 12985 41675 15063 6878 80607 88803 78566 8941 58095 56051 15097 86786 43783 776 62227 60194 80685 29509 68424 54093 95061 99175 82794 7033 9101 7055 29584 80795 13216 27555 43944 15275 31674 52162 54220 23510 3036 3037 87012 3051 95212 93163 91132 31740 93196 39949 33805 3098 68636 89139 46147 52293 48201 7242 66648 72794 44122 99424 48232 19563 7283 58487 68733 74883 1176 33947 15517 68772 1189 25784 62655 87246 56532 7392 11489 87275 89337 97537 38150 89356 48403 54556 32041 17715 54591 46406 83271 54610 30041 73052 3431 56680 11626 1387 97644 50547 73080 52619 87437 64910 85391 83355 50588 73124 85414 30119 19887 13748 50614 89537 1477 58829 11725 60881 62938 32221 3553 73187 21995 11756 79344 42488 91640 75257 30210 15877 93708 5651 15893 3621 36395 30254 48688 71219 99898 75324 81473 44614 97867 3665 15968 75384 48763 28287 5792 36513 3746 20137 77482 63147 20142 71348 24246 30407 52939 5837 69329 50900 87767 24284 24287 40689 46834 50932 81673 30479 73487 71449 61210 46876 10015 22303 7975 96048 38710 73527 1847 3898 12091 55102 30533 40785 22363 22386 69499 73606 14227 51093 98205 49055 38818 92067 18349 71599 83888 14257 94141 67526 69575 28624 40922 6110 24550 88038 28648 28660 61436

Library 37 - Books Explored: 338
98307 96264 51208 24587 2073 10269 69667 55337 30763 22573 81967 12339 22581 20533 6199 26680 30796 80 57427 8282 69723 92253 75872 41058 84069 6249 84100 6287 90267 14493 4259 4276 53429 59577 12479 6346 22732 39116 84174 12496 84176 59607 55523 65764 22759 37100 35067 92422 20745 43273 41234 22809 22817 20776 35114 98604 86318 74031 47408 69941 31053 29026 45413 88422 16755 24949 53625 76155 8584 92552 12691 59798 12695 70051 63928 27066 4544 96709 4560 59864 66008 31198 16877 57840 18946 59910 4615 82443 82456 35364 94757 55851 27192 55868 94781 12862 88640 35397 19014 62028 41554 10870 53886 35469 35470 98960 66198 685 23228 94910 94921 29389 31439 68310 68318 94942 74466 19181 54006 13050 25341 47870 2816 45832 66315 51980 6936 794 74524 37662 47914 2859 35638 95036 82755 60237 52053 33623 861 52069 21365 31615 80768 52099 15235 82819 84876 5025 84900 5040 23492 70598 52171 13288 7145 3054 84980 89089 68619 35853 74765 29727 56355 82987 27692 1072 64562 50245 52299 60492 91213 80973 21590 7274 76907 13419 85108 3193 66684 62592 19588 68743 95369 74892 60561 21653 62616 23716 74920 97449 42158 91327 99521 56514 48332 7373 38097 79063 81114 19676 99549 13538 64738 91368 29931 25835 31992 9465 44288 3335 5388 17678 79123 54548 29979 5405 81184 87332 27945 91438 3377 66866 32051 36150 56645 17761 73058 97638 66923 50572 64914 50583 64920 17818 30108 3486 66978 17832 91563 19886 26050 30150 85448 30163 26074 56802 7651 77292 87548 9725 69120 54788 17928 91657 19979 56849 44564 65046 26138 71197 15910 9766 36394 38448 91701 81471 73282 24132 79434 58972 11870 87649 69225 56937 65137 95866 50811 20096 63104 18051 9869 28305 50835 5780 56985 67226 13981 18079 54952 14006 34488 89800 87757 83669 34519 89816 73433 77535 57061 3814 3821 24303 95984 87796 48888 40696 83706 38669 9998 36635 1822 73506 87848 18221 18229 10050 85831 34635 44900 42857 85866 12140 14189 3948 10106 67456 10134 63402 69547 98229 79800 75709 47055 53201 24552 36848 86000 28669

Library 56 - Books Explored: 199
4608 47104 34306 36867 9223 64520 22027 83472 52241 99344 36883 79379 94229 42006 48149 92696 26655 23074 55331 19492 84007 57895 68135 88619 49708 34347 13369 44089 22075 71740 25150 52287 63553 8772 24133 6213 27722 67148 7245 55884 76367 28754 97362 88154 53342 16479 19045 97383 56426 82544 34929 39539 92787 24693 45174 34423 90748 48765 45182 91776 50817 92800 63114 81548 86162 55446 17046 26269 56478 1697 29861 73897 45738 40621 15023 25264 96943 49842 62132 70837 37558 39099 57024 66241 39618 31940 19142 81095 67272 83145 77511 32462 50895 6353 42196 55512 40665 10458 34008 22239 45793 33506 25829 68839 88295 43243 90861 66290 30452 68342 11001 15610 2302 65792 28929 82690 79107 33542 59659 20749 97554 40723 72466 41239 70433 48929 7462 10024 49448 16682 84277 12086 27447 63288 71484 4415 74564 80712 48977 27477 49493 91481 22875 57693 97631 18784 43873 49004 16237 83310 12148 80250 27003 91005 39810 97154 52611 41351 23432 60296 61836 4493 8596 31636 25494 61850 96158 98718 30626 65956 86949 6054 62887 98729 43434 939 31664 45488 93618 32180 6581 74684 92607 85954 14285 31184 99281 60880 62937 48091 55260 56803 70117 91621 59370 91122 72178 80884 32254

Library 59 - Books Explored: 359
14341 81936 90132 6165 43034 59420 49196 34870 90170 92222 10308 65606 88134 45129 77898 12365 90197 39007 71784 67692 24688 43120 16510 55425 75906 86150 59527 6281 43148 71838 92322 55460 12453 8367 41157 96464 69841 43242 22793 88332 57620 69911 26908 65826 80166 47409 10548 4405 24886 6460 69952 10567 26961 6492 78182 94568 65903 67959 35201 4487 24970 2443 29069 88461 414 67999 8613 88504 80319 20930 51655 23008 10724 90601 23020 82415 55793 74226 35314 29174 68089 68092 84477 21022 74276 92711 45617 86579 51777 68163 19016 64084 597 10837 12902 86634 72300 94829 66163 12924 8846 27280 17041 21139 23196 72361 31420 45765 74453 47830 80608 80609 72419 33518 43759 84725 6909 49927 2841 13099 6958 54062 52027 15163 82751 43841 4929 25411 39748 45892 66372 41800 78670 25431 56154 70492 95070 95073 82788 37762 48006 15246 914 72609 84899 35764 21437 3008 19397 89030 9165 66513 980 21462 70615 46054 50152 80875 23536 19449 82937 91134 87043 7173 11273 39955 82967 7198 64547 17447 66604 23596 50222 97333 3134 27717 46150 64589 60509 25694 97381 54377 35952 35955 76925 42118 42125 15501 62609 40082 40083 19605 9366 66719 54434 60608 27848 25803 97491 34003 89308 9437 34017 64739 9446 58598 11494 54505 99566 34033 19704 48377 5369 38141 60674 89350 72968 91405 60687 87322 75035 66846 25891 48423 48425 87348 99642 77115 27964 50498 93513 27977 38220 36175 50516 44375 1367 38247 97641 58744 48507 1411 5509 30088 30091 9622 56727 81305 54683 40351 66980 71081 54704 17843 34232 44484 36311 24026 91617 1505 15844 42470 38375 65005 89586 40438 42492 26109 83455 93706 73230 60947 42516 58902 60955 83491 46640 13875 83510 48703 3648 20031 63048 73290 30283 85584 77398 1624 85594 61025 30306 7783 9832 22123 61045 89735 91794 40602 34460 50850 46755 93861 44716 89774 42674 89789 77501 81599 48832 42690 95940 81613 28370 54998 63193 9946 98012 77539 44772 79599 16112 95985 87814 69406 85791 38705 83763 57153 18261 5974 12130 14178 32618 24436 28538 94082 61315 42884 63365 46979 98184 79760 81826 59299 98211 79778 1956 87977 81842 53176 96193 53186 85960 73672 79821 96208 69601 57317 32763

Library 61 - Books Explored: 171
98819 58883 524 91662 8207 26641 5140 93205 96278 56342 35356 89116 97311 77860 47141 59431 86058 557 91694 81459 39990 48694 14902 89144 72762 17981 59453 39488 59457 73793 4677 33861 27208 48712 24648 42577 57942 98910 41068 12917 42613 72316 27773 2177 77956 67208 63625 24717 64654 23698 68755 87190 41112 62104 39066 70812 8862 63135 76448 38562 95908 53928 18091 66733 49325 84653 38065 32946 14515 21684 29875 38070 75953 17593 75450 48317 39616 22724 6854 59593 87759 1234 22738 68823 13016 51417 6363 41180 221 87772 16098 4836 78057 53996 63212 72432 78587 69886 28414 13060 54020 73480 31496 68883 45333 50965 791 38171 82718 58167 66362 94016 78146 95554 2372 56642 96582 57672 91981 31054 4945 45396 96085 18776 31599 2415 63865 91514 4475 59780 58246 83847 78728 35213 95118 53135 22930 72082 28565 65944 24481 72097 58788 65963 17845 1461 32185 99258 14270 50114 38341 93125 17352 48076 85966 87505 44504 87513 32225 33249 79842 73700 26087 7144 58860 70128 77811 37364 88055 13817 65023

Library 66 - Books Explored: 11
58881 91426 7049 65195 9676 4653 8883 4022 42839 50550 29694

Library 69 - Books Explored: 136
23049 4110 49683 63510 77848 43032 64542 60959 43552 17953 64037 24615 14377 63533 14896 6194 64577 24644 64077 15438 93785 55906 76901 12390 95337 5226 16495 38512 68216 72826 96892 17537 80514 87175 60557 5774 61582 49297 70291 95379 59542 2711 77980 74911 3231 25249 46247 91816 47271 18608 2741 21174 26294 66234 45756 85697 7874 59075 75466 76491 19161 45273 33499 37611 76011 2288 57080 93950 11522 3844 56582 26377 36110 66834 29468 60702 41760 7456 90402 91940 77093 95016 94504 81707 52016 98613 77109 57143 92473 30522 32060 98110 59712 63811 29003 77135 66405 67943 13160 83837 88447 98689 79746 80260 64902 72583 67468 85389 41359 98194 55186 14742 17305 43933 52643 36263 50600 82857 83377 53180 80832 4039 51148 66000 95193 84446 70111 85470 43489 41959 99816 84969 90094 12782 74232 5628

Library 71 - Books Explored: 123
67592 10761 82956 33812 45588 78373 11814 81452 27182 6195 7734 6713 38465 85063 94797 9815 40536 30299 44125 32357 32871 48748 86137 18554 36475 60537 3200 51851 35987 73888 18084 18086 42664 54953 93353 75435 70315 21165 59569 44737 44228 11462 74952 51912 72904 16592 78552 67288 9949 16097 68333 86770 28424 97545 24334 54031 81171 67869 93472 61220 59685 92455 43307 25390 20784 92466 50490 85307 26944 74561 26950 19271 53580 35662 9553 20819 33620 57172 46941 82273 356 84843 41328 80240 61810 63350 55672 30588 56702 93572 3974 53639 35720 43401 66441 1419 71052 32137 91534 3986 60821 61340 65949 62876 68517 63403 85421 58288 87992 12218 47050 24012 74191 38867 4063 71649 35812 28138 56814 44017 79354 60924 511

Library 72 - Books Explored: 13
97415 57886 55978 84811 42284 58544 13649 65014 61398 38936 94491 76508 19166

Library 80 - Books Explored: 224
62471 80395 76814 89111 48664 68119 88602 7708 19998 52254 45600 32801 93729 86051 45607 44587 70188 13869 78383 34868 18491 83516 35901 73795 5700 74313 22092 49740 31310 17999 65108 74837 62553 59994 76379 14940 85087 28257 44136 12909 8302 29294 14961 38519 62072 59001 48766 55424 66178 79491 59014 91270 12936 76936 39054 19599 35984 12945 92819 55956 61590 67225 86170 21153 32932 60582 4776 41647 12976 59570 6651 89275 44220 95933 75967 28863 37056 64191 72388 42182 60616 80588 91854 55506 31955 18642 44763 42715 85215 67297 40674 61153 91877 7398 53478 52460 14061 28910 48878 85232 17651 86261 21240 7425 70404 261 7430 46345 84746 75533 40720 57111 66328 81180 23837 21793 95011 3876 24357 76071 2349 35630 54063 78640 27441 42286 26421 77114 45372 66365 43327 99648 94015 54594 30015 97605 5957 32071 95052 65872 13136 2896 17748 70486 12119 9560 4953 58714 77147 68443 75613 77309 98658 85347 45925 50538 59757 18797 94061 12657 15217 29043 88435 53620 70519 65915 36743 70535 5001 59275 9099 19854 4501 71062 22933 85913 99225 22427 84380 60316 23454 18331 27040 59809 94118 27048 52139 13742 24494 89521 6069 39862 33209 97212 63933 99264 84416 52161 59332 82373 95686 29639 24518 60882 17366 24023 92632 75224 34268 45021 97247 47588 30185 98793 39915 64495 53233 1522 11251 23541 77307 56829 38398 24063

Library 81 - Books Explored: 0


Library 82 - Books Explored: 267
32256 10755 54790 79367 17417 70156 8716 96783 62994 40468 53781 10262 9238 58915 81450 89131 87595 59437 89648 48690 90162 57908 76343 13367 15931 31292 74817 45634 97857 7745 70727 54858 14413 33358 90703 52304 94801 70739 36435 60501 85590 77399 37464 94805 31834 3163 85599 90210 85604 75365 63589 65129 27242 60523 80492 87146 42097 83570 42102 62070 27774 59519 55938 27270 14982 94345 55436 1164 19086 95887 81552 46226 61591 54936 1694 90787 68773 71847 43688 88745 20649 85672 39085 28335 71343 69297 54962 81071 93366 87737 11451 99517 33982 65730 75459 58566 17097 94922 4811 35251 39630 83151 13523 37587 91349 54485 28888 83672 35032 94427 50395 1755 41692 41184 27365 80101 24571 90857 34537 67820 69359 91375 40175 32501 10486 59643 76540 14588 71420 1282 21766 18699 269 89359 88847 8977 91410 37650 3857 58645 5398 63764 280 83224 45336 77083 82204 71970 21283 59174 55595 19761 76087 66872 69945 23354 63801 1848 11583 41792 34115 21316 62789 26947 73030 18759 48969 49994 98639 21839 23375 23378 56149 17238 77654 83799 71516 74592 13668 89444 53094 29031 36712 14186 8556 7603 50031 40816 12655 66419 32118 9080 35704 31098 84857 68990 63871 42879 73652 99715 42883 3975 34696 8073 57226 76170 87438 81296 51603 46996 7062 53147 85405 69533 83871 91552 46589 28579 93607 9642 83882 90032 2993 1458 8114 61364 38835 48054 87991 78772 34745 16825 60859 90555 53693 57275 81338 37825 28609 39365 7622 71111 94666 45003 96716 28619 89039 7123 15318 48093 60385 38371 87527 23527 44011 76268 8173 21998 33262 91118 73714 14835 46067 34807 99833 55803 45565

Library 85 - Books Explored: 26
86912 42497 90886 7691 30861 11414 10525 56350 23711 37293 10038 59961 12098 67527 76488 3402 9166 66384 17360 77138 36833 3554 17122 37999 57201 28661

Library 87 - Books Explored: 120
25091 51717 24582 74761 17 13338 47645 61984 27686 93738 13355 58924 90154 79918 99893 71221 5178 90180 47174 63053 56911 47184 27727 14928 90195 8275 81491 13916 39006 39521 18026 77423 94834 46711 35961 59003 89728 55432 30872 31905 74402 83108 66725 26277 77478 42150 85676 10414 83144 64211 87764 96467 28374 65752 21724 29405 48861 46304 4326 26857 75498 17646 10479 90356 71939 59654 45835 54032 24851 26904 40243 33077 39735 27640 61242 86342 13133 334 14675 79705 38236 12638 10079 60260 37222 88936 47466 28022 38781 96126 41857 89993 98699 82831 93071 64402 16279 49048 81816 80798 36261 84395 79281 94144 9154 27586 92102 62412 4556 10702 12244 43993 41439 21477 86502 98280 41960 44528 66546 58872

Library 100 - Books Explored: 312
51205 88071 81935 12311 57373 57375 73771 12352 49219 67652 75850 14415 4186 65627 28767 8301 71789 30836 39030 26756 41099 84115 92309 84119 4264 12457 75948 41145 201 8395 92365 43217 6356 96475 90336 73957 76014 69873 61681 35065 86267 57597 71944 45335 8471 84253 18722 41265 28978 94515 88379 96571 51523 84299 82252 74067 10586 29023 8562 88436 82296 55673 39290 86398 31109 20870 61831 84377 33181 51614 82351 68025 92602 22976 90563 43475 10713 8670 68065 74213 25082 66042 61948 37378 21003 37389 2579 27163 66077 84510 82463 51770 70223 2660 55916 57975 51855 10902 10910 12979 35510 84662 51900 84672 84677 35527 84697 27362 78568 84732 35591 62217 62218 90890 88850 80659 68372 4896 29473 45856 68396 31537 39753 58201 43869 80735 47979 74605 33645 60274 23415 76663 56183 76671 15236 86921 2954 31645 41889 43948 33716 72629 5052 86982 27598 29648 44007 13295 13305 89081 13311 64512 25600 1029 74758 52231 41992 58380 56332 5145 17435 42016 19491 48171 76849 97341 37954 56387 70732 85073 58455 42078 85088 5219 72807 85099 62572 9326 91249 93333 1208 72890 97472 50373 19655 99533 5357 58610 66810 31997 58633 9482 7434 11538 62744 75033 36123 62751 81197 50484 58678 52536 77118 75076 50500 19783 54609 48469 54614 56673 38248 17774 25966 91505 89477 30090 46485 75159 48540 13743 71097 32190 24002 40386 77258 54731 75220 77272 56808 60918 93691 42494 13826 87560 1546 24074 3602 91673 91677 81438 28191 7718 9771 87598 40500 11831 79419 5711 83539 3668 26211 40552 34414 13937 34426 75390 95877 93837 16024 38555 79516 57003 52908 87740 18114 26306 81605 44750 5860 7909 55021 91896 30462 34569 38680 22308 10027 93997 10040 98105 20282 26427 1869 12111 53075 12117 73561 16231 65384 30571 3952 28533 83832 94074 65408 73628 24477 73632 61351 20392 36780 53175 83927 47069 8160 28643 10215 34795 75756 10224 94203 47101

Library 112 - Books Explored: 24
50187 3213 99092 63254 8484 84389 66597 76281 73265 97587 3894 47031 88248 25035 59852 8653 96084 30421 17771 82283 18283 82673 76402 54009

Library 125 - Books Explored: 40
18816 61570 72710 21256 77580 86540 70044 27168 62881 73893 24234 52780 80565 54 77622 39864 31160 98232 49721 3007 21056 62017 45898 47821 48334 3664 74832 49749 28247 91483 4189 606 63203 82663 95854 46965 29302 39928 82427 99453

Library 140 - Books Explored: 220
98316 92684 41486 48144 47120 94738 98835 4112 52247 66073 61466 89114 53788 16925 95265 98338 6692 21028 10281 42541 41519 562 84018 90164 26170 67642 58 65084 70719 81478 28236 52812 76366 67661 58959 36434 54360 45147 57436 12892 93790 50268 2140 6241 25186 23142 70137 14959 57967 44146 95346 50804 19573 13430 3704 14968 635 637 84101 36485 83080 22157 44686 11407 35471 94353 26257 78478 47758 91277 93335 27803 19613 30882 53923 50851 99493 8354 58024 41642 32941 24750 40111 26287 84142 7344 7347 7341 76470 77496 23737 94395 44731 12991 23745 35009 90305 49859 9415 29385 77514 8906 87245 17613 12497 68305 70355 68308 80596 43736 10969 39642 70362 44252 72925 26844 12514 16100 85222 38634 62189 9208 72444 80637 79103 43777 772 84742 78090 21777 50451 36115 51990 17689 92443 25375 52516 26405 31532 15660 38704 87856 36656 20277 40247 97591 98615 68408 81211 48442 61757 22850 33091 836 59717 15173 45895 93511 47946 68429 79182 83279 72528 3918 2898 51029 73562 10078 63843 86371 41317 60265 99698 78706 95094 33145 91527 82312 72586 94608 51091 14739 97176 83868 55710 99230 27554 26537 40875 28076 63405 62382 69035 56239 5555 14844 68031 94656 77766 19399 60366 84944 31698 42964 48599 58840 21977 24025 84970 77803 40940 35309 32753 22003 98806 83447 76792 69625 82426 86524

Library 151 - Books Explored: 33
61952 6657 66306 55047 57864 74518 12831 18214 1063 18087 59133 3882 42289 61361 46133 37301 89276 33737 81618 74962 31445 4313 42330 81887 94817 28516 83053 60018 62966 11511 94073 56699 89981

Library 157 - Books Explored: 150
87042 93193 52234 11276 29711 15891 68628 79381 92694 44571 82460 51743 66083 93732 67110 51239 15921 27186 36404 52277 77879 79929 66630 50249 66125 64078 44111 73812 36950 56407 46170 32347 42080 6240 48229 50277 84586 93803 34930 41076 34936 55418 63611 78975 23170 91268 90760 37513 83594 8341 99479 88220 25759 73376 62116 9893 30886 25766 51879 56489 21674 53437 21693 24256 59590 84686 53968 69334 12506 59103 40684 62700 59117 8944 7930 39682 98564 16645 96013 2834 94484 62228 25366 77591 53532 82206 43810 98100 62260 37174 36153 96573 36670 72513 87878 28489 27978 45900 90957 74576 90454 3932 64350 59230 72545 96099 35177 54635 11630 79742 34688 48003 59273 53641 72592 82321 64918 74649 96669 30110 27552 37803 33200 59824 27056 4024 35256 16826 63930 17342 78277 30670 56272 71127 69591 85977 30683 34269 7647 14305 62949 78822 88555 89069 45037 33776 39922 1012 36855 15868

Library 158 - Books Explored: 231
13828 3076 97286 3592 45065 67595 94223 92176 5650 64531 53783 76313 15898 96795 99353 544 15396 74789 34854 11303 32809 35882 67629 64561 79411 81978 5179 78396 42556 45632 47170 68675 21570 38470 36422 76871 30281 71244 15950 94799 20563 29780 41049 34393 87643 71260 65117 82533 72811 84076 45676 86128 44144 83058 74354 48756 1141 60534 21621 85625 10376 47241 55947 6289 55287 93331 17556 31894 20631 11420 11423 49311 91810 72356 27813 24230 23719 22184 39593 33447 39091 82111 92864 16064 80580 16582 3785 18635 52940 6348 21199 80592 86736 45267 66259 46805 33494 46299 8926 21727 12516 21733 41702 26858 40171 37103 40691 8947 34037 6902 3319 49914 77566 67844 72452 37129 71946 8975 12057 66330 55580 26397 32031 27936 64804 82726 22824 70441 23340 53549 78639 70449 95538 8498 1339 60732 48958 74047 85313 8002 73025 61252 90949 86853 82247 34632 65353 14668 3406 98128 11089 12624 10580 8534 23385 72026 48478 26465 54628 10599 70504 72042 51053 86910 65922 79751 38792 72074 88971 48012 5009 26002 12690 3988 46492 34720 48033 43427 86436 51621 69541 22951 7591 49065 59812 55212 76205 75695 77748 91573 35254 26039 59320 44985 78778 53179 29120 84417 72131 91079 34760 28106 86987 92620 11213 4555 45008 8658 80340 74708 47574 16852 29144 10200 78811 44508 50142 87523 53223 92136 36845 21486 20978 99315 41460 92661 24562 32759 30200 71162 79869

Library 164 - Books Explored: 54
87553 38146 85891 44039 83720 62472 65930 41098 87950 45840 6040 45216 53156 89894 39592 21161 52394 10793 47913 92975 32816 98865 73778 22960 99120 42422 38966 36024 34998 6467 98887 83016 38473 55624 85835 25033 93768 16718 30927 69450 81108 85600 6369 1506 18659 11872 74345 59629 40814 1906 90995 57211 76796 8446

Library 178 - Books Explored: 157
53766 80392 27659 70670 50192 72721 80403 97818 41500 20509 65052 8740 70693 564 83511 22584 25658 6716 7744 64578 4675 33860 17481 33357 79443 89693 1119 63073 68706 70755 9317 6246 22126 78446 61554 20082 98418 11385 27261 75394 23691 83084 36493 93325 39053 2192 1681 58515 90773 90262 60566 49304 15513 13977 73372 81054 69791 15525 35493 6321 96435 82617 13498 36027 74433 49345 80584 84683 63180 28366 21200 34001 24273 3793 46293 94936 86752 13540 73447 50408 93424 46321 33013 41206 71927 31994 13565 35072 5378 62722 51460 43269 20742 62732 26384 64275 84247 35095 4375 91931 9504 20781 56621 77613 13616 61233 83255 88378 79685 8006 91466 8544 71009 41829 20840 19305 374 54137 45945 61824 77186 388 83844 62855 10639 2966 27031 32663 63897 21405 2974 3485 71072 72608 24486 5543 16808 76731 64955 5056 39360 92100 63430 35785 6091 64972 79822 20438 11741 76253 83934 84456 49641 45545 18930 7668 24567

Library 184 - Books Explored: 59
99714 58628 3206 17680 45208 37017 59034 75548 34471 2473 20906 96428 90031 87087 89777 8758 62264 51385 48314 99129 1215 80508 65 73283 65475 84293 95179 97355 77516 90062 71760 63440 76497 44497 66902 14296 74200 603 17115 10844 75741 15454 81631 88286 93019 48347 45283 71261 62950 39912 8425 43498 75375 47344 20719 16883 62587 45692 41214

Library 191 - Books Explored: 58
74370 64771 72068 67717 36740 59270 32649 85900 5005 909 29196 82706 74130 84756 16150 59670 24983 98841 69790 88479 10535 62122 24619 49963 34860 46127 69937 68657 89654 16822 76598 4924 58173 92992 90560 34497 30528 95561 77387 87379 35802 61915 27099 43742 22751 19043 7525 77929 30956 92525 62958 6384 60401 26098 66291 69239 57592 98559

Library 202 - Books Explored: 30
43266 24837 80647 78222 85648 54672 82705 92699 5922 79783 92210 14770 38706 37429 88631 39869 2115 47813 20295 39499 71119 94808 36825 31837 21088 92132 22889 20207 24816 43387

Library 209 - Books Explored: 117
15873 62980 72713 61963 35341 24590 15375 94736 65554 83986 96279 29719 91674 48155 41509 16435 91190 21050 53822 32325 32838 23623 13391 70228 62554 84574 95839 93282 59491 41572 86628 84070 64629 94339 16005 98968 27292 13985 676 67751 28334 97973 29372 22721 46786 95939 55495 25801 50382 35540 35541 99544 78557 26340 70372 17129 87283 94452 89846 93431 6919 56587 84753 15129 52507 796 19230 67366 88360 34092 11566 84786 68930 78147 26445 73551 31059 95574 23894 81244 82269 60765 85343 4960 48493 13171 32117 64894 82309 7561 46989 1424 73618 15250 64404 43925 37284 41388 72108 34750 79808 92098 95170 5062 93127 29131 73163 90064 97747 88019 45016 48092 10206 77791 48618 17902 97275

Library 233 - Books Explored: 42
13953 19845 83721 10642 84370 63762 16149 7574 6552 95770 89884 47390 26491 72359 24361 34989 68014 25262 50994 49723 52542 88769 1602 12612 18886 84936 48463 39377 6489 71385 82651 41182 72800 22883 80620 18159 76529 72822 15738 28283 29566 49919

Library 239 - Books Explored: 72
29312 82816 74112 25601 67972 71302 35463 44297 29962 6923 22541 6799 79250 16659 82066 94482 6297 11677 13728 6564 31396 5542 27301 85294 35576 43005 72881 57779 88369 65588 5174 21047 70840 37172 64954 48182 86848 71745 65602 57923 73207 5699 49350 40647 91208 43596 48847 68176 22865 73042 41298 56147 66514 78678 58071 31319 60118 56538 18136 8028 25172 57055 44210 738 43091 33511 77801 8305 10999 50552 10236 95869

Library 241 - Books Explored: 20
81925 43280 79135 6948 80296 683 62639 86321 16689 28481 88641 25805 14429 36191 18404 87655 64231 96362 21872 41855

Library 242 - Books Explored: 133
9219 94725 67593 16393 38924 96781 42511 18451 49174 13847 34329 5660 11812 84005 58919 64039 27691 44600 36417 11331 53320 55372 32858 12896 90722 63075 104 69741 56439 98423 48759 27769 19066 15998 17024 61062 98441 59530 50317 34971 65180 23206 36540 37570 69834 3786 53963 78544 81625 8923 57563 20191 55520 84195 15076 12518 71910 92904 78572 43758 5870 24818 30451 93438 65278 92933 47879 23309 77582 15635 63767 1303 4377 90908 91934 61215 53026 29481 77616 69951 64322 84292 38221 47442 88404 36182 86359 88412 26466 33638 65383 45930 96624 20339 6003 85877 3963 55172 70020 93575 53136 41876 61332 20383 49056 26544 64947 41395 38343 23496 40394 90570 29132 14799 64978 22996 92629 97752 16347 5084 80862 481 5609 51691 48619 57836 45038 53231 94705 40948 75252 92149 6136

Library 244 - Books Explored: 135
95232 91137 78338 33794 54791 43022 41494 37938 565 58429 94784 69186 1605 28742 49241 90713 57437 94302 79454 70752 87648 16482 68195 39009 13924 64609 34947 1158 76943 94866 97946 86175 10400 75939 46246 75946 83115 12464 80560 4280 16061 59070 38081 7876 92358 1224 19656 13513 24267 38098 40662 56534 66777 56542 39137 19174 62182 66792 27880 96493 89839 78578 2803 92404 4851 65785 58621 90366 25343 95495 52492 44821 60695 41753 34073 95006 81697 50465 50471 7983 10031 9016 13113 96575 63297 62284 68442 93534 80744 15212 6509 97645 21871 39282 75127 64888 64890 66938 95105 25475 57221 87432 41866 40843 61840 56209 18326 10650 19871 40873 48043 51632 91059 37811 84920 81862 6086 19912 51656 57291 12747 87508 21463 99800 15833 96731 8156 37342 82916 52198 49644 54770 5108 5621 50175

Library 245 - Books Explored: 114
36360 3597 3610 96797 70175 74277 9253 48167 5675 71731 96316 41536 36933 47693 82510 53332 43622 63590 33382 51313 5746 39028 86134 73337 23164 3713 24706 82565 90251 52368 39579 46750 92318 15009 67746 23713 4782 43183 26299 61636 22728 203 60620 75984 22225 79572 31451 72923 92387 64230 73964 82157 85229 1267 12538 49406 48385 95490 20228 5897 19733 35094 1302 46873 46887 41259 66348 74539 36144 37171 93501 10561 62275 47428 49488 91479 3931 61278 89445 24935 63343 33151 46474 43917 60306 29075 80794 70042 29088 5024 20389 83366 68013 52141 53165 19909 2502 93637 85961 18380 39375 35792 38352 17875 99796 85975 73177 7134 95713 88035 19948 89588 68085 46078

Library 270 - Books Explored: 54
74754 97411 40195 22661 49547 56844 44303 24465 51988 27797 55066 52763 71069 35878 74535 75818 26923 84913 74802 89011 97715 59573 66357 63415 56114 88508 85052 91967 82629 67914 33232 23120 18258 5588 15062 27095 77400 63319 56410 43867 94694 50919 71528 5353 65900 82414 4336 67696 40946 60531 68598 70009 73470 50815

Library 304 - Books Explored: 23
85261 43533 73871 88727 80030 34975 66339 81193 33967 439 49338 97722 50628 31685 968 43595 205 91216 81759 39648 44522 12788 74745

Library 316 - Books Explored: 80
15368 20489 38922 3612 56351 73761 92734 9794 87109 83034 95325 2659 44132 40043 19578 26255 32913 42129 11938 48810 24752 62644 88757 89781 91318 49335 80578 26310 52935 32457 81105 61658 25309 43744 55014 84200 89330 55032 32506 37633 7426 21251 37133 77078 32542 94497 19235 38193 3889 71985 34616 1853 51018 40782 23895 92513 99688 13679 88947 28034 52101 12678 21900 30606 49042 77214 13219 14244 65990 29640 28111 46041 79323 4066 47075 8676 76779 68083 36348 79359

Library 323 - Books Explored: 46
79876 59526 64007 90888 26123 7950 68496 53649 59922 784 86560 7074 90403 63140 83364 27299 49188 69294 99765 2360 13880 77756 66247 20554 47949 97485 75477 90458 30427 54883 85221 61799 19562 34028 83438 13423 90606 33393 43633 76657 89716 87924 19825 49647 37500 89470

Library 332 - Books Explored: 68
76291 12165 8838 96777 80396 40205 66448 48401 21778 52499 53012 49041 35473 71191 80024 5526 18461 28574 83363 81447 68007 96040 16423 22443 19625 51117 94639 63409 27059 70580 4661 31542 69561 41658 93117 13503 37060 77638 89290 84988 35021 48973 39805 62033 7891 83800 16728 40155 98779 94685 17885 17375 52830 21089 15869 67038 6371 71646 52583 57322 5233 27381 96887 26489 96378 76924 70013 40702

Library 343 - Books Explored: 23
60800 32898 19846 38921 138 65045 82838 28183 9499 28581 48681 53545 4141 16432 24639 57285 1996 43229 58334 47199 98402 5218 37484

Library 350 - Books Explored: 19
77831 74888 63890 28577 57644 57901 23470 56629 1464 3652 32840 36942 20056 91228 89055 58981 87019 29936 80382

Library 366 - Books Explored: 149
89603 25607 73225 24593 56340 11284 7701 45592 47128 15896 38940 55333 12844 73775 1074 61492 29752 50746 27198 24131 56391 69706 41046 60502 29273 89704 28777 69229 5748 75898 80515 23683 74373 97925 55943 97933 4239 10385 71313 25235 24722 16531 18071 43673 10907 34465 44200 21679 4273 78011 7361 80066 72905 46793 49878 9431 55511 72410 23771 2784 87783 44265 93938 73458 49907 15612 68350 38659 22277 73477 47883 72972 42253 6930 15123 24340 53524 79638 58137 18714 35611 62748 36634 20253 11041 88354 48421 38698 45868 76077 79149 27955 89909 78135 70455 58184 97610 31055 65876 79700 16214 32596 15196 46429 91487 76647 73575 2923 87407 96112 39793 91506 70516 19831 99705 88446 76676 56712 96652 94607 71570 85395 62866 42398 81823 53664 97698 42917 11686 78257 7091 35253 20406 91064 59328 13762 49602 79303 25554 94162 86488 79835 19422 42474 50157 31215 23539 62455 54782

Library 387 - Books Explored: 104
12802 55810 17415 64529 26155 5169 73277 9793 9282 91205 53318 74824 70737 73809 23638 7767 99932 87645 30813 83039 28259 11363 96363 72813 41605 16518 47762 1687 21658 75421 48800 70828 90806 1719 25274 95420 46799 16089 38618 20699 6370 10983 70889 58603 40176 99570 19701 21769 16140 22802 1811 8979 51989 93973 97044 45350 47920 21810 11064 80706 95044 75079 30545 35154 33106 40282 73563 50011 61280 47465 10096 74609 27000 39300 38277 19336 16777 17289 25998 88981 98199 43928 71581 13731 44966 90024 57770 7083 15790 55730 52666 9660 34749 34240 18882 11212 79823 38870 28120 14811 51166 27113 73210 81917

Library 388 - Books Explored: 5
31107 31355 9096 52882 20635

Library 390 - Books Explored: 169
23044 32262 7 59911 95760 81940 11287 94755 70692 1571 52772 53288 36398 75827 41014 26684 89663 62019 8262 67655 48200 64585 52809 40525 19534 41558 44630 8281 73822 27743 66145 610 47204 20076 6253 39029 65146 77947 4222 9855 81030 61065 83593 86668 30348 57999 51859 76438 2200 83097 52889 36511 41634 9384 46249 86185 66731 7853 16558 75438 62648 21179 72891 96960 27842 30915 61126 54994 11481 67292 32991 6368 77023 73439 25827 46824 92405 54011 65280 71951 12560 1297 12051 64796 90399 61216 37664 72994 68906 14636 95021 71988 42292 33080 24378 95038 21823 47939 81732 69959 4939 12619 55117 3919 46928 40275 55635 61271 36697 83809 49505 18787 47460 57703 85353 18282 71530 92020 16246 64375 51070 74626 56711 55178 66445 18319 10128 38291 80788 15765 31126 3990 40342 54681 40859 10655 90530 68006 52646 57256 45993 44971 21419 57260 85425 85426 62906 7611 92603 39879 30667 67534 54223 91599 91091 2516 11734 36313 97242 74717 2529 53732 32744 25578 91114 52718 40950 67576 48124

Library 393 - Books Explored: 146
77832 47626 10255 38927 46607 53780 19988 60950 30743 29206 37405 91166 57382 6187 23089 98869 76854 4671 83519 16451 95310 39504 15954 30803 82 6230 4190 56928 67172 42597 66664 68720 50801 97396 70269 28292 33932 34957 12429 41616 5264 17553 90259 74388 47256 69784 83102 82598 28838 79019 44719 47792 72883 98996 65207 33467 89796 24260 38088 7886 57553 61651 15060 42209 93922 36074 42735 83700 69878 98039 41213 45310 28415 83709 55053 6928 3861 58647 79640 87326 70948 292 67879 34599 50986 57643 89392 88373 69432 28986 2875 36668 7484 97602 42821 36687 44367 55127 18271 46945 51566 56175 25970 82291 72567 33658 63867 61821 62854 10631 29577 90517 54677 11678 99231 66465 15780 6052 62884 96170 61355 68012 66989 18860 21423 8112 60853 7101 7102 23997 37318 99785 3531 28112 4565 11745 40417 21987 33257 79851 74734 77807 20474 94717 73214 10751

Library 428 - Books Explored: 179
98304 9730 62467 62468 66563 73731 51202 30215 35849 34314 36366 12313 37402 64031 69152 12320 2089 45612 26670 5681 8757 95800 61511 77897 27212 95314 61527 34906 39517 50269 20066 75368 77419 54380 86125 71788 32367 54386 68211 90228 59508 79475 29812 57976 90234 74879 12416 34949 22671 31376 51344 96913 54932 88214 7831 14999 95902 87206 94375 69804 57516 17582 37039 98999 21178 50365 46272 69829 78023 83659 42192 5337 76521 79596 29421 83184 3827 73459 80130 96004 72461 44302 94480 56081 2835 22803 69397 40728 90395 57118 63776 39712 24354 90914 74541 52526 15663 65841 18738 63289 52538 93499 86843 71483 37182 39743 46403 57669 76615 82248 63304 99146 34637 44366 69455 5459 75094 33114 77146 91996 76638 65377 91490 30564 17766 67432 12136 37738 40299 62315 37229 54643 89460 60789 17782 21879 85366 43906 37771 94603 68491 98189 65431 74136 66456 75679 84897 79267 65973 38326 11705 98233 82363 32700 37311 93122 89026 56774 82376 96714 27599 10197 32213 46043 14812 18401 69092 37862 56811 66027 72686 89074 54771 47603 6645 61428 81399 23032 57851

Library 443 - Books Explored: 227
97281 75268 13831 11272 10249 22028 86029 28178 3606 75288 2585 93211 82972 68637 40988 6175 78371 42533 24103 47144 94251 3116 5677 72246 67128 28735 49728 33350 20040 8776 95306 77904 65616 10834 54867 31316 8785 37979 8284 91741 47713 57954 86114 67685 80486 12903 78953 36969 625 44657 23156 70263 17532 13438 81024 66692 646 33416 72842 72335 69264 60049 74385 23699 32916 70804 76950 49302 60051 35993 90776 20124 66717 79006 79519 16545 39586 28324 48293 54436 3240 80555 4780 93362 11962 57019 47805 44734 46271 51392 82114 79048 56009 65738 19657 66254 62673 78038 98011 84703 61665 23778 43233 40167 46316 85745 15090 87282 90357 94966 75001 44793 99580 765 38140 61698 1287 86284 20238 16655 51471 4880 70419 70423 27416 66847 14111 88866 24359 60712 92460 38701 43821 46384 59697 35121 17204 70453 85814 9527 28983 10554 315 15165 37189 85830 75078 77130 22860 87885 76620 74575 12116 57173 96086 49494 84312 97626 6494 24927 866 59235 90983 77671 69992 3946 73063 86380 27501 34160 37234 57204 85878 41335 54140 50556 66430 39297 71046 27015 97676 69005 94093 30097 82837 64921 32155 79264 47525 31653 53673 29098 31147 40363 27050 35758 85940 56759 86968 68538 30138 49597 3010 47046 96198 38856 91080 39376 66003 11227 71133 53213 34783 27616 16868 76773 29158 44006 97768 16878 53235 52724 85495 49656 53243 16892 90109

Library 447 - Books Explored: 273
34304 36864 90120 66056 11785 76811 18449 90642 30229 26134 64533 48163 71716 96294 23594 58923 37419 32301 51246 88622 10285 60461 80943 33331 94772 87092 95798 93743 78904 10297 97850 93243 92220 76860 68666 94271 92735 43583 79939 76356 81475 45638 15433 70730 5707 19020 84555 35918 51280 95825 91731 44631 29272 15450 65115 95323 93 31326 8287 29792 67678 93796 74852 10344 97393 95345 67187 38514 84087 78972 55421 94849 69761 2696 25736 97418 51848 11401 4744 88718 59535 28820 18580 84120 75930 66206 47776 46242 81061 46245 74407 30888 23209 10931 97462 59575 46774 25786 99003 86206 29887 46784 40641 20162 81604 91334 49864 11468 58573 81102 56528 47313 721 38620 52446 29411 22756 87782 72424 69354 53484 86257 73970 60658 97012 9461 90871 62200 66298 42235 17150 51967 23296 51966 32002 43267 65283 17670 15112 78089 30474 67852 64782 2318 16145 39186 63252 4886 46360 7961 16665 15643 85788 33054 1311 62243 76579 39717 18723 84776 20273 11569 59701 36151 74552 42300 36158 34622 85825 72514 53574 64839 9033 53577 13131 7499 47434 4428 25427 61780 26451 15702 33625 60761 86364 58717 29537 78178 26979 22374 14694 23913 26474 95595 88938 18285 45935 7536 79217 71536 53105 8053 61301 52602 63872 43909 31627 72588 2445 47503 17295 80785 69521 3989 62871 48023 38807 42394 50074 11163 923 86942 50080 87968 9124 14760 53160 81835 948 95157 60341 57783 81335 67513 47545 30137 5557 23485 46010 16311 65980 44479 78782 32195 53699 37830 85453 13261 43469 48080 50128 59856 84950 45530 83932 87517 50141 5085 85472 19937 59368 77804 98798 6639 32239 20465 65519 94195 68084 91125 17398 69113 70139

Library 455 - Books Explored: 123
9735 75274 72714 84493 85519 34319 72209 89622 55320 56344 53790 10271 56352 30754 78883 45604 35320 82478 92720 2103 91192 13371 70718 68673 72776 1105 91733 55386 91227 18523 88669 16485 3690 62068 86132 71800 78968 49792 6274 97417 30865 73361 29332 91295 20133 96937 39597 92850 48823 63672 35518 84166 52426 33483 99536 83666 65251 14563 66278 93930 95470 44794 24827 63230 68353 50437 24839 60679 87817 80650 36619 53516 87818 28942 69908 47900 78625 81187 79142 41777 42293 66358 44344 75579 77116 66876 62797 64847 74075 93537 57706 41837 54129 13688 18818 84360 38288 83862 23447 49050 9626 5532 28580 41394 86966 93116 61890 84421 3015 63437 17872 94161 16854 97758 69087 59362 64996 47079 6643 19445 51192 45566 29183

Library 466 - Books Explored: 260
80898 40451 75787 49163 86033 53269 45078 51736 69144 86554 79901 73252 42024 20523 31275 54317 38958 54830 82992 52267 34354 59443 52 50740 97844 11319 46136 68663 20028 91199 56385 40513 97863 61512 69193 76876 76 61006 80463 92239 76880 76375 64088 67161 36954 55899 14938 86519 90212 76388 81511 40039 85607 41578 73834 44139 43625 13426 96883 60019 66679 91258 44155 81021 89214 8318 13440 37506 76933 65669 86664 11914 91275 10894 18062 10384 35983 60562 38903 67219 18581 46745 73370 73883 73885 92319 63647 83620 9894 65190 5802 11947 53423 49332 29878 18616 67769 82618 36539 5307 19646 57537 60101 58058 94412 78029 59602 52949 54487 24280 80600 76506 32475 52962 61669 40677 59111 57064 81641 22250 56555 88812 2286 69881 25850 62715 91389 88830 37629 37632 41219 774 40710 90887 17673 58641 90900 2329 96029 34590 14115 17188 72483 14627 82215 39719 78633 89387 39723 26411 816 17200 43825 95028 74036 83768 62265 46394 43834 60216 65855 35652 99144 91464 64334 74064 77137 16722 99155 37203 76112 92501 50519 21335 28505 33626 88921 46433 69476 24423 8552 93033 37226 95594 5996 75123 42356 29560 18307 43398 6023 15240 10122 77194 37261 44430 57744 30098 9109 40854 33688 51610 95130 63900 28573 71066 1949 45982 80801 99743 66467 64420 47527 50601 89002 50602 88492 5043 52660 24503 13755 444 18876 86972 9151 74176 93633 75200 42435 14275 41416 61388 98765 72653 69068 83405 82386 44499 12757 57304 62424 82906 53723 79325 83936 81890 67560 84457 36330 68073 97777 31218 499 73716 22517 13302 39412 92152 40953 1021

Library 472 - Books Explored: 61
5504 7937 3201 32771 45190 8328 62344 55182 60046 89489 38930 4884 2709 56854 91672 89242 6043 50205 33441 9890 29602 64548 38309 73001 38442 43308 15917 63789 61231 77871 12468 56184 24379 48956 30140 26428 77499 58561 81345 52165 18119 21064 15048 99659 41419 63058 71379 57683 45015 47576 30310 59500 73071 76535 12536 24698 74235 4092 15997 27006 62079

Library 476 - Books Explored: 89
86023 78346 24080 4629 58922 20526 77358 8247 50233 4155 97853 4164 64073 47707 4700 89692 73823 41573 68710 91242 74347 78958 78976 66690 69765 45703 59017 1677 64145 6802 25746 94868 10908 45736 65710 16566 81594 23237 61130 78541 50894 24788 26837 1771 67321 87294 56063 76547 6916 18697 49931 64274 57114 45342 2350 23347 20791 27453 87359 9538 4433 50522 59245 58233 32121 80765 78212 15752 17801 8075 45976 51099 66470 17842 47541 10682 14779 11708 75714 95693 99793 97234 93147 3548 12266 87533 15352 63481 30716

Library 478 - Books Explored: 126
86529 1026 76810 4108 74773 21015 58904 21021 53281 93745 18481 563 2104 35390 24127 3142 94279 58443 88141 50275 75879 89204 32885 21111 97400 9850 5243 31877 90254 77461 662 81046 10912 18593 33956 13481 31920 83124 20661 58047 11977 65739 6349 5326 7897 80089 11993 75484 39652 85733 58600 44266 61170 86260 2292 65780 78591 63749 19722 45323 24332 42252 5902 18698 12055 66841 74525 5919 10530 54562 65828 88869 76581 19237 39211 49968 40754 64306 77107 72505 6459 75583 66879 2881 96065 61775 30544 51538 29017 36189 80734 96611 30051 3429 44394 87920 71030 24959 78719 63366 75147 31120 59287 31127 58272 63904 98208 39846 18855 83367 65964 37295 47028 21941 69055 979 21975 77785 7652 53225 48623 19440 78323 69109 97785 52730

Library 491 - Books Explored: 16
11648 40866 96995 75844 43110 42790 57288 90345 78476 88013 99532 85036 626 84983 86460 98397

Library 495 - Books Explored: 95
47622 8712 12822 55328 36386 23079 17448 55338 31281 29757 83533 64086 66646 49761 21607 91766 49275 67708 36476 48265 41100 59041 58023 19628 28332 46257 65721 91326 22729 59083 41171 7380 40663 14554 44251 19674 65766 32999 58604 76528 23803 15615 15616 52479 82181 35081 34578 80152 61209 13083 48420 45865 20782 85320 77129 49998 26448 80727 52063 36192 82784 5985 35176 82292 52089 9597 46973 62847 60285 17279 62347 31629 91032 75161 85402 40858 58785 69028 52136 36778 85935 38836 23478 23990 64952 30648 96708 51147 43470 92642 24553 28652 7666 90614 60925

Library 506 - Books Explored: 150
56323 97290 17440 98851 57387 8236 16940 38446 91695 21553 88116 75831 60471 96828 18504 14927 38992 41040 50262 5208 73306 52826 46688 85601 41570 29796 4198 4721 26227 76918 41592 46203 66183 11912 51339 19596 11404 83085 75408 91796 97428 93336 667 27297 33445 678 83113 83116 72368 23733 51383 67771 46270 9919 75463 8393 26320 42706 90840 86237 4831 15586 93414 230 3822 11502 84209 2805 37111 41209 38652 87298 76550 98056 71437 31508 99606 80154 11547 81692 51485 48928 18210 33571 88356 78629 73510 45349 1826 58662 66352 45371 58683 83263 20290 66371 35651 60227 61769 19791 15189 16734 69983 34144 69472 8035 84836 51047 74600 23915 89967 89463 62329 98684 35198 66943 78208 72577 65409 3969 53125 57733 18314 45969 43409 61338 97178 34204 79260 62885 7081 13738 18345 12210 90552 91579 5568 77256 54217 65484 15823 11730 29663 23520 15334 9191 98287 12280 68603 58879

Library 522 - Books Explored: 200
87559 2569 11277 43534 79373 62992 91158 94238 38943 87587 95781 15909 21543 69164 47149 72753 90682 1083 59456 82498 47685 95304 85072 93266 38486 11867 87132 48228 93287 49774 58479 52336 25205 6777 82045 54910 77438 27264 14466 28807 47240 54921 52360 651 57484 53904 73873 42645 39577 22171 5277 42657 5629 82081 56997 83627 63148 21168 27316 66743 71866 27834 20154 67262 87230 67781 64711 81611 75983 82643 3286 35547 50397 5342 40678 87785 48361 5355 47852 8430 34546 31988 60660 91380 85239 69370 22271 70916 99597 95502 50447 86799 30485 8472 67355 18203 56096 15652 5929 14638 50481 25910 99641 39738 24892 91965 39229 90432 86337 87875 85829 56136 68937 8016 75601 61778 24914 62292 41815 855 10584 61274 10075 93531 73055 12641 75618 43363 10082 77310 7017 62826 62314 79210 42349 68461 97133 71533 62322 71539 17268 87925 33141 32628 22907 58752 42882 50565 79749 2951 20364 1932 48527 43919 2449 9107 55704 45464 95642 82844 26019 85924 86441 7082 91564 97200 11697 69042 89014 61369 93115 36285 1981 22978 33223 17354 95692 43984 93137 12759 13785 74714 22491 57308 92638 51167 71137 98276 29670 90088 32235 70638 28654 4080 95732 70133 6133 69112 77821 49150

Library 536 - Books Explored: 33
82938 3332 1541 48390 46347 71312 78617 68377 41007 49967 61489 33977 67770 23742 59971 54340 69444 42564 41417 15690 18505 53068 14420 32864 77285 16362 9710 76783 76404 37110 27642 74619 85500

Library 543 - Books Explored: 68
55936 78849 89347 26245 41991 86666 36876 76558 97167 43535 18193 91282 92690 18836 94869 42390 14231 53273 79101 12827 10780 67358 44063 67616 4261 38055 64296 69160 50603 29869 62895 61871 86194 81715 31796 80056 15418 89146 25787 65598 96765 71366 41289 85452 39501 64333 29010 55125 74965 86106 27483 10591 98912 13407 68320 31587 95076 19175 6504 39656 22633 14828 1263 15994 88955 38908 73725 49790

Library 565 - Books Explored: 16
11011 2500 54181 23335 55720 15498 21867 9327 99859 17779 28502 11480 46138 59448 34974 73215

Library 566 - Books Explored: 201
31234 40963 2562 27138 86022 89095 21511 48137 94733 16914 34835 80915 44570 19485 65566 68134 93222 76846 80431 17968 93751 49209 6201 81981 23102 30784 92224 14401 46658 26692 48711 85576 88139 87115 71764 37463 86104 31833 53337 24154 94815 39523 52841 10859 25196 51309 55920 68212 14459 81532 8829 7294 31871 83077 3721 86163 97940 55955 91797 74904 6814 70821 87725 4269 25775 67760 21166 36530 34484 61622 23224 7865 59066 50364 65214 8392 90315 59085 60113 32469 97495 70364 14046 99039 79072 26337 13036 13037 43760 55025 67314 88308 94965 30456 67835 89339 99075 42756 17155 63239 47370 36108 71949 71953 54034 60690 13588 14613 33046 12567 11029 43804 77085 35619 16165 38700 11568 78644 98614 14134 81209 71482 41275 1340 76602 83262 64831 52544 32065 80697 45383 74061 94034 31570 79702 93532 67933 57183 84832 74083 70501 86373 37223 79723 10603 83308 42859 68975 23414 86903 38264 4985 12157 75134 12161 52612 17797 43912 67466 23438 912 84881 39313 13716 72086 75673 76704 80289 85408 61347 79782 1450 71595 73131 41392 38833 35763 98228 49591 38845 16318 49086 70079 79809 89540 967 51660 64974 64462 84436 78805 62935 34779 89054 44515 55272 62445 29173 79350 78842 61947

Library 569 - Books Explored: 125
83969 58887 98824 9234 35859 4636 77855 3616 82977 81955 59945 66091 39483 31805 98881 10830 54872 20575 25187 70244 78437 43112 67179 48750 88699 84093 83075 20099 1672 83095 86179 4774 80059 18108 30916 31941 70342 23758 10446 30414 82130 10966 75480 9947 32990 66280 4841 65261 87278 41713 62196 39669 11004 92415 61188 11013 99593 29453 83213 44814 39697 32532 48924 63262 87330 99108 50985 28459 23342 6959 89391 46385 70450 17710 3381 53046 7483 7507 27988 16211 53084 97633 92010 4973 31087 70001 5489 92021 60791 39292 7036 9094 76678 78220 14734 50580 89501 92574 5535 27039 57757 72104 94123 2996 40889 45502 44991 93632 46018 80323 59331 41926 61904 15829 72663 81885 22494 31712 61411 71141 80358 34282 3057 91634 2548

Library 575 - Books Explored: 258
23552 39936 85506 96771 98305 35845 15878 9734 53771 21005 97806 57871 34320 60434 25109 35351 79387 65054 7199 89635 57380 16422 88103 63532 14381 58926 98861 23600 54321 92208 84527 73270 85558 85054 55873 57410 18503 79944 52295 2119 3147 17484 68681 37455 5716 88666 95322 61018 71258 21598 30815 15970 23140 27237 91238 72292 9323 48235 57965 20591 98932 68726 67711 16516 79494 95366 85126 57481 47757 40590 69776 85649 36500 54422 19097 29853 89759 64161 85154 16033 28321 94372 6819 46759 70310 33963 52396 48301 63663 78000 20658 81077 31926 20664 55994 11453 6849 29379 52933 96967 97480 15563 61644 75468 1231 84688 42704 25304 11996 46301 50396 61151 68834 22755 67303 61160 44777 16106 22252 4845 69868 68335 71918 45298 99571 41717 7926 14584 93435 33535 63232 75012 13573 31495 25864 92939 65291 54029 25358 11023 8976 77584 64787 43291 40225 70440 7465 10537 35117 98093 88365 1837 43311 50996 73524 13622 71478 38200 21816 33084 9023 54081 91460 70473 60234 74058 95564 28490 51534 11601 9043 18266 89948 75100 92510 1885 94049 87397 43879 50537 20330 69483 13676 52073 81777 90482 47475 3956 33651 59255 34680 63869 3453 14207 7553 91524 95620 62342 63879 50567 43913 83337 37259 35723 3981 11151 79759 39312 39315 53653 39835 54178 33187 63395 14757 8099 78759 16296 2471 10154 99756 29102 71601 65458 98739 69558 30646 51645 63934 56254 11203 20420 2503 8654 82384 29649 50132 14295 64472 99801 25047 67035 57817 78304 22497 35810 47589 4584 82921 55790 33264 43505 59376 61426 82417 48630 5115 39421

Library 589 - Books Explored: 201
66048 63491 16394 37387 69134 80916 29207 70168 34843 63004 40989 34344 74794 19501 88621 10290 85554 25650 39478 33335 19512 53303 33851 70208 66118 49224 30282 88652 64590 86609 1618 78930 6743 32345 2142 27235 26726 46694 4200 84584 85610 99435 5228 47724 57454 31851 31850 77426 39026 36469 77942 82038 55928 8825 73850 94841 124 94334 56958 28293 11910 70277 2697 24202 95370 44684 30349 95374 56973 2701 31890 4755 6292 52883 94360 80544 25761 29856 90273 69796 76965 33453 1713 87732 54453 89270 64698 38587 89791 68290 25797 5831 86215 9934 74449 36564 91864 98009 87774 55522 86756 88292 88805 15596 39151 51955 26355 80118 23286 27896 53497 84733 61183 4358 57611 83216 71441 5394 14108 1309 57632 82720 96546 6434 39716 17184 21280 53031 89384 80172 9004 64304 65844 45364 74038 60728 19258 73530 63813 16197 34119 49481 94027 96078 80723 23896 55646 85855 19296 84320 97120 88932 42854 872 16232 93034 51561 41329 95602 74098 4468 6004 89974 8568 72057 29561 77698 93577 43914 61835 29578 33165 4491 54166 15254 12187 64925 95646 74655 28066 73123 99248 73655 47544 53690 18364 58812 94150 69578 22986 13271 85978 31707 36834 45027 75753 15850 88561 79353 91130 42491

Library 594 - Books Explored: 22
31753 94601 14220 25356 52881 62996 56472 92570 50206 24493 3501 84922 23872 81093 58715 94045 8797 67039 65898 60780 56314 87421

Library 597 - Books Explored: 104
6145 31233 13317 95237 89616 91157 17950 80926 17965 69684 21044 51767 16455 8270 24657 2647 19543 38502 62578 11378 28791 46714 1148 86140 74882 80006 51337 44170 24208 90257 59027 51354 39072 6817 68266 65711 10416 70838 60602 45761 84682 8394 41167 89295 89822 11999 89312 228 56037 7910 36072 21229 41465 3823 29424 43762 67827 35587 99596 55057 34584 81691 15132 37152 54054 32552 48938 62256 44341 54583 69440 44877 78179 70505 96625 88443 50048 57731 80772 15758 12181 20891 88991 77735 30122 38827 89517 50094 74160 9139 38327 42936 25527 42425 21949 88001 46540 86482 34273 88043 15343 35321 7162 33275

Library 600 - Books Explored: 39
60035 13956 5385 13461 71324 58015 47392 46371 41381 22695 70698 79147 31405 97202 48051 13364 40626 99638 5048 19900 11581 52543 53055 14148 77769 64460 43726 99920 50642 32215 38235 18015 95458 88290 55404 73838 70771 57336 70526

Library 602 - Books Explored: 170
90624 24072 55304 6155 71699 85524 97812 31260 27677 73759 23078 72231 40487 84010 99371 28724 53812 74297 41530 16955 86589 43581 44093 2111 62530 47683 81480 76878 60495 67152 89170 45658 50271 19553 87651 8292 21097 28266 45163 31341 76400 69237 52865 34434 57475 80005 82056 32907 72845 48783 87189 62622 51871 32927 20639 75429 83622 1194 36524 48813 13485 7855 50862 63152 52402 42675 15029 10423 59580 55999 48322 53444 13510 47304 77513 17610 3788 84684 77519 88273 69330 47827 22741 44255 80096 57059 29933 9967 24306 48883 58624 75527 41751 76057 58653 2846 31006 97056 32033 84258 15144 48427 89900 53035 70956 97078 58169 59706 86331 87868 70457 90429 48966 43850 76108 61266 43859 82780 54622 72035 63844 24933 17255 89448 77167 94066 82293 89464 6013 43902 12166 96138 12171 1425 36757 95640 24992 14759 13735 55209 5548 55213 35761 25010 80818 31668 89013 19382 945 6077 40893 26052 3526 457 10188 96204 984 39387 71644 1504 72675 28649 28650 15849 7661 2035 73206 30201 40443 33791

Library 607 - Books Explored: 124
73223 2572 17915 50200 79904 60960 99878 86568 1576 40490 30766 93235 7222 64567 45118 69196 31311 46162 76885 49240 32860 34913 75878 20589 40051 33404 13436 22145 33417 17034 29331 24219 72354 27811 45225 86712 38585 76477 24768 91332 31433 4810 15057 18132 78549 33496 3295 99554 50914 28909 91381 17146 764 64770 4355 52994 81158 30471 9480 39689 70414 14612 90903 55068 94495 34592 58657 53543 87335 39733 17214 34113 2369 57156 29508 70987 85324 53079 89949 63330 74599 93548 37742 26991 65398 61819 29057 40833 47490 20354 52613 94600 74635 5516 38796 71567 64913 63894 6049 31146 8117 6583 54728 98248 4553 88527 11731 28629 40920 67034 70619 27613 9698 23522 41442 83430 87528 74220 77299 2551 87544 37371 50172 70653

Library 626 - Books Explored: 93
26112 17921 69122 52741 57359 93204 2070 75799 31283 13884 76349 86597 34885 92233 42062 63566 78928 15442 26708 15960 1628 67682 61031 94825 8811 59504 47736 638 80511 58502 46222 11406 13462 80029 72351 37027 96935 32942 81088 62659 34500 63174 95445 14560 36068 58087 25833 75501 36078 37105 7412 3321 63738 19710 78080 7936 66820 7942 13576 19212 54541 22815 43816 65321 31029 44865 9028 14670 77150 34159 15728 59251 74622 68482 88468 28052 1943 87452 19869 93102 59822 20412 13245 36806 52173 11219 18903 45024 24043 22508 55284 58871 42495

Library 630 - Books Explored: 92
67594 6669 82958 16 71188 66069 29208 50230 87621 11338 80972 39503 23637 13914 54373 29287 61547 23661 75889 90237 91261 34429 79498 64142 32914 20640 4263 93356 49327 64177 77489 89267 82104 6328 43193 65231 5331 11482 1759 58083 68838 71405 21238 87800 23809 11525 71442 6931 75031 8483 14632 1329 53041 24894 36673 41292 41809 21334 33624 15195 98662 92532 77696 10120 1930 84363 58252 93076 41364 83349 56742 74151 36267 97198 82864 31665 59832 67518 65985 71626 28618 72140 37324 36815 41426 95699 44502 95205 25064 78826 63466 97782

Library 646 - Books Explored: 108
57857 48646 12299 92687 40463 88614 33319 95276 2096 11317 97848 68158 65095 91218 12890 45670 82024 15466 66155 71288 63609 83064 38525 641 35458 76420 66709 65688 75417 60058 74908 82592 51365 78505 84156 42180 17100 57552 98002 24792 7394 80610 28902 20711 13035 61684 72951 37628 97532 27919 36116 31511 28954 36642 80683 22316 32558 61743 97071 44340 59708 36671 34625 51010 8515 23373 12628 92508 18272 59750 54641 1407 14722 81286 98695 24966 86409 28553 20877 80272 28049 13724 97693 65437 50589 98209 89003 6574 49584 46000 60855 67007 16323 37325 32719 27609 36826 38364 10211 59364 76264 49130 78318 24054 57846 83452 58365 66047

Library 650 - Books Explored: 106
51731 75284 36372 23077 79916 31795 23606 14908 51261 52802 11843 23624 1098 75851 49235 78934 58467 12388 57959 29288 37483 70770 32372 84099 34443 4749 79012 687 77491 45237 32445 30398 63682 47811 59076 57543 50887 44231 84170 68811 59599 90836 2776 14553 47837 82155 52465 89845 21250 14089 45322 44300 92437 81173 18207 83756 24367 27440 13111 55615 95551 25414 68431 81746 92499 56660 79186 16221 50021 11110 29546 13677 95608 40831 60806 28554 64395 57227 89493 27041 65958 36783 15280 81330 40375 71609 56765 65473 4545 92613 62919 85962 83402 78285 28630 87520 62946 46565 89575 21480 50153 30188 37871 43513 97274 13309

Library 653 - Books Explored: 68
22912 26497 19201 13699 89732 74499 12420 99206 6025 33674 56714 5642 16909 42894 44563 82710 96280 83865 72987 65051 57374 15264 97312 80038 42367 69162 30638 55038 61618 7859 43829 99382 26811 61756 572 81853 59202 54851 40005 84297 30665 9674 49613 70996 57175 37080 59353 7640 37212 38237 84960 60640 5476 83942 7143 75752 7271 36587 42221 63470 68208 41467 80760 33017 13818 69631 46846 33919

Library 665 - Books Explored: 181
23043 27654 80906 13840 90128 50195 81427 80927 47647 4641 43045 53802 50732 70190 8752 81457 41012 41018 11834 27206 44618 94285 3662 73807 21582 26193 11346 29779 67159 82520 20568 69211 28763 19549 74845 69215 69726 23137 97891 10341 61543 11887 65650 46196 52341 12406 62584 33913 2172 25213 88192 67201 56450 97923 98442 30863 4754 30870 26775 67734 40601 44192 10402 37028 57511 19112 55468 63661 18095 52915 85684 3763 55995 59584 76993 49346 37569 12486 11464 90825 38090 63694 7377 94419 50902 98529 62179 91369 5866 20201 38638 2799 71922 1270 71419 69884 44797 17147 9986 93955 71429 89351 37131 62731 67340 67856 32017 35602 3860 5914 89373 86813 59677 39204 40747 25392 52021 83765 68919 33079 26939 74051 33606 56647 93510 37710 37208 21340 40798 64862 12139 45427 34675 17267 94582 64377 51067 97150 38273 72066 92551 89995 45964 23956 63898 88475 81308 77212 84387 56230 78761 81833 75690 87980 79785 5034 81324 96691 66485 41398 74165 54203 71612 12229 21961 86474 22475 55758 98259 10709 32219 67552 71652 94695 12775 36336 74741 82421 71157 23544 12793

Library 669 - Books Explored: 41
30723 57990 79495 82439 29580 71311 86936 24345 43548 23964 98467 63780 59688 41903 89137 50867 93107 51764 27702 30263 7227 52540 88252 72512 59073 68035 54598 5966 67408 20689 1235 14164 96984 58460 95591 3438 1136 97523 14709 11129 32895

Library 676 - Books Explored: 187
2 49667 49668 53271 91679 12832 82976 33830 91175 65575 27176 37928 49710 21040 93749 30264 8249 78906 41021 31293 67136 90692 50246 54854 28232 37962 16972 38476 23629 18513 5202 87123 54359 8793 26714 44635 54874 16477 23649 613 34919 63593 17007 623 24689 54385 36980 10357 64634 92284 95875 17033 28299 46734 83089 63634 46739 16020 78999 24216 58009 88732 16028 63645 71325 92832 24225 43172 11433 4778 38578 60595 89780 39603 84150 37559 11449 64188 67773 2248 16075 1228 66766 73935 91345 38100 5333 88790 78041 32473 37595 89823 96992 68321 41188 57066 49905 38641 93939 51445 14586 59130 94462 25857 87810 39174 98569 54539 4876 93454 38160 67346 89370 21789 11045 69422 28463 59696 63795 85301 31034 56126 5953 6466 9540 40778 81742 70993 10071 94042 65884 44384 72546 19299 76131 80751 11121 30066 96628 93045 1921 38278 42375 8071 50566 95117 75662 31631 37267 73625 52634 21917 40349 65950 84896 45475 86437 77222 40357 9129 4011 56750 63919 55218 25526 54714 1980 44478 69570 13256 56265 96715 45525 32726 20439 62427 9182 10210 25570 39396 40425 47594 83443 95220 87027 69626 97278

Library 687 - Books Explored: 20
87046 78344 84617 90643 97303 92196 25138 90574 94286 35409 25947 66021 26085 98023 29032 90599 73323 61941 98554 93695

Library 690 - Books Explored: 65
8449 51843 72709 15494 13062 5000 25861 58768 84114 59930 46588 58142 43039 70055 99752 47145 62889 32175 50479 93748 64821 95669 94391 2231 82873 86714 42683 44346 80315 62526 77503 26176 68417 53314 74046 35776 79558 74567 44109 41678 73936 13907 63187 31573 30166 58461 59870 18915 4325 76262 12262 19049 54250 491 92524 78959 92785 53362 81907 18292 19955 19315 72059 37116 26623

Library 693 - Books Explored: 102
24064 3 11274 69646 39953 36375 52255 8736 55327 63010 64558 58416 4146 87611 49212 93758 89166 14419 25173 29783 2650 15965 29280 47203 60516 20583 77930 64113 86130 53365 5248 41089 22659 34439 82577 71828 44181 34453 83094 91289 5787 55975 50351 42161 29365 1205 76471 46265 39625 15588 2794 99576 90874 89362 83731 62231 55596 87343 81720 10053 96585 24911 33616 86879 94565 51559 69485 72048 2945 34691 32648 55177 29066 36752 87953 87962 59291 91042 43430 62891 95671 14264 44480 448 40387 87503 66512 2017 45538 61414 90598 23528 39916 59373 77294 92142 79856 23537 39419 27644 94205 35326

Library 708 - Books Explored: 229
10752 30209 74242 80900 9222 77318 69126 61449 34826 26119 48653 14866 36882 52755 62485 26646 59413 19997 21539 80419 16933 62502 67624 40489 78888 48683 93740 62514 81973 98358 80441 94778 22074 78908 44092 1595 42042 8250 88128 4162 75331 98886 92231 26694 59977 76362 83015 77394 59988 54357 56406 33884 8288 48737 16994 13411 57448 12908 73325 10350 87151 58992 70769 29298 94833 75895 24185 35452 47743 28800 23169 78978 79492 61061 75908 17546 30860 81037 39567 30357 20118 89248 50853 11439 90800 25777 24760 3770 94396 65216 46789 86727 47815 69323 59596 74448 95952 2770 59603 14548 53457 31446 13012 85722 71899 28380 2781 92384 92901 44774 26859 23276 83181 17132 17645 62192 34544 30962 7927 12030 93951 54015 86783 15619 48388 38151 97543 76046 69903 30481 40211 56088 71454 64289 68388 10020 64293 1319 69421 41263 87855 57138 18740 18741 66881 97089 88902 58695 35658 14669 84815 4950 44886 59223 26973 88413 349 31081 49514 98155 67435 32111 85871 76660 25973 33142 76667 20347 51076 6022 29574 6024 46986 85899 27020 12685 30607 15253 22431 99232 5537 88993 80290 67495 65449 97706 51115 77229 40367 434 11701 81334 41911 11192 72632 96698 1979 75706 74171 66494 48575 23486 90561 16834 32196 38855 72647 42953 39882 85963 66508 41421 92109 81358 85970 15834 987 60380 33248 98279 24042 30704 4082 50676 31736 44538 38907 25086 3583

Library 709 - Books Explored: 45
80261 76168 47752 94477 55440 30994 71571 27030 34970 83998 58402 93988 56741 74916 65074 76595 77500 24381 5950 12477 13376 6209 56003 57032 61257 45387 59857 55889 10325 6741 97625 73945 77275 32733 86494 93791 64866 55907 47332 83569 11634 12531 42866 504 98556

Library 715 - Books Explored: 126
31245 69136 8722 22554 11298 31782 12838 98858 25648 16946 64564 96313 99897 51771 25145 73794 86083 36419 20035 97861 71747 64068 6228 49751 39514 11360 77921 56416 77412 52325 50280 89707 62575 69234 33907 19068 79487 53382 13453 2195 89237 87704 48285 38046 87710 22191 41137 95415 61132 89804 14031 87760 77014 42710 52440 19165 98014 94948 53994 54005 9473 99074 773 82190 33559 48923 99615 89888 12063 56610 4895 1317 99626 26413 80692 50998 26945 68935 51015 83783 37198 27475 34134 67928 90971 69468 15709 25960 24937 40810 26478 10097 80247 79223 12151 72573 94081 46990 37775 12692 6554 31132 29086 44958 44964 35240 21418 23476 67509 23991 93113 73145 7100 28611 29124 52681 38857 18394 77787 56796 90602 9200 12786 30707 10748 41471

Library 717 - Books Explored: 38
25094 4743 41354 82570 97930 56208 45203 93081 32026 33564 6429 85278 32030 18981 11687 73642 70448 68786 44723 76982 44858 56891 83646 84032 83650 28504 1114 62172 33758 746 36970 78188 51565 78186 53489 46708 72693 42363

Library 736 - Books Explored: 70
87936 18432 76805 57224 90505 95113 90506 79114 15630 25742 57488 4756 45206 56473 19098 92025 52512 95264 8738 72614 82300 25772 40623 44079 38707 22069 32437 67511 81080 50872 52664 48183 56766 58431 79935 71362 80579 59716 38340 9670 20936 88956 59340 88017 69078 98646 11736 69853 58718 82272 13920 95201 30308 54886 92265 64363 78316 57340 18539 72688 91762 63475 47732 93173 28790 47351 10104 75513 82043 19324

Library 772 - Books Explored: 36
75136 42755 4867 66950 96393 50443 89612 13711 34065 21011 36501 74010 26012 44700 59676 77990 73258 28593 5554 4407 31290 32571 86466 37833 71114 70222 35025 75345 16723 35807 9441 92386 27760 22001 37109 66301

Library 773 - Books Explored: 103
81411 22534 35847 19977 88585 29720 13853 82974 36387 37925 30247 52779 87599 34359 49210 48186 20030 8255 66114 34887 5203 79964 19039 82527 76385 39017 1652 85110 69240 24186 91262 40588 59532 73356 29841 90260 25237 22686 1206 6846 86721 76483 20171 31437 97486 44241 38615 7896 47835 63197 79073 59115 19693 19182 46322 95484 23805 85250 19202 70924 25357 42768 50449 19223 84767 7968 60193 57638 35631 58162 13108 15161 26949 28488 98130 75603 31060 82775 52585 21355 62334 96643 26503 71561 34189 15266 58275 44965 86443 35765 94651 13756 15295 82887 28625 26584 26086 17383 69611 1527 79867 82429 88574

Library 779 - Books Explored: 50
50689 9092 96389 93448 39945 38026 11 40077 43279 24847 1039 54293 14998 32022 37526 17048 3351 61854 15391 73120 14245 53161 91902 59182 62134 24889 91450 29755 49856 90747 75586 79168 4037 40006 81232 57299 42068 99160 54749 19293 6753 26339 54122 69610 60910 59767 76152 47611 44158 14975

Library 793 - Books Explored: 20
33548 37262 66064 63646 45473 294 93223 13608 2991 34225 69700 68678 2766 16721 35796 18391 91750 80748 94317 26101

Library 795 - Books Explored: 19
58891 25612 43790 81177 4507 9511 74924 75056 65843 2100 93109 81724 46409 42324 23007 94311 6387 15221 94719

Library 798 - Books Explored: 63
49280 94336 90882 96131 89090 29189 95876 97026 50440 1929 99077 83979 10764 99089 37524 3734 77849 12705 85800 41385 88873 83628 21938 2227 99636 8629 182 42167 46776 31417 89395 10044 96829 42940 14144 68033 23419 18116 96454 38599 20806 19661 37581 90065 38611 17110 82903 75992 65116 98653 5724 46815 22628 65638 56168 92008 35565 21101 6000 91123 27892 9467 98943

Library 805 - Books Explored: 11
98339 51909 14889 24266 54190 82867 92917 43353 23450 96414 78495

Library 808 - Books Explored: 88
24576 85002 54283 94224 52752 3604 77845 92188 87590 29739 56882 28729 32826 25154 3651 19013 4695 78941 99935 57952 28255 14435 60004 7780 44655 82545 89722 42126 84627 50838 42656 97441 88737 98979 42151 63658 85164 72879 10936 34496 7873 2759 26311 84169 35534 67279 11479 38626 20718 30465 46357 54550 69914 67876 37673 46391 54589 31557 35655 87880 37204 41813 87904 69990 79719 43880 87913 57708 97657 64889 25980 84351 32645 21383 6038 38808 13211 54687 62882 19878 1449 86967 18885 15822 93153 37354 73203 502

Library 813 - Books Explored: 175
55296 37889 63493 34821 40967 76296 98311 61447 48654 99855 29712 60433 76822 99870 1570 73764 5157 9778 97342 31296 72769 67649 45123 57932 54349 73805 52310 77406 64608 78945 73316 70256 64118 54396 7805 87677 84607 31872 76928 61063 1161 69260 65167 24719 53908 24213 32921 6299 36507 94365 72865 16548 69798 58535 55464 44713 53418 60587 11942 64688 76981 32438 75959 96444 81597 16572 80063 92870 25289 35023 3797 79581 28385 67809 90339 65767 74471 69353 56554 39146 58092 59630 93934 82166 22270 32511 12047 34064 33553 2832 71955 35088 4381 99623 57130 14122 303 72499 34105 40249 82235 21820 97598 72511 56640 75072 85314 77123 1344 56137 86347 82768 33104 35158 38233 67932 51550 47455 83296 17760 20837 31079 98664 87914 37739 45418 33648 37745 85362 46963 14196 31096 65401 86904 92030 43393 20358 91015 70540 44433 96152 49565 94113 12195 63908 13224 29096 26539 97708 59820 68526 68528 23988 83381 32184 41915 41403 55741 88000 39362 12744 10187 88523 94670 35282 8151 90075 44512 26083 72678 88044 33261 16374 59901 43006

Library 844 - Books Explored: 72
77569 98434 23171 48002 47238 5383 34186 26508 86541 1676 51983 86412 37777 76690 87315 88725 42646 26391 5912 45465 8474 14229 82975 51103 87328 25887 61857 65445 13734 79655 50988 38190 15096 38449 31922 51252 73402 72894 28991 71358 12614 58310 63435 19664 11859 76755 92758 24919 25432 30171 55133 67551 90976 45280 2658 30568 80105 28906 64877 82298 53743 96752 74100 1780 89333 22519 36728 70905 73338 63740 94077 7039

Library 848 - Books Explored: 35
35973 45192 25866 86156 9231 76176 46737 37016 54809 28824 80924 12333 94383 65714 63667 46002 36531 64446 64703 43717 63943 47817 21578 92491 31052 57551 33871 39888 78297 34141 30694 9959 29291 10988 79865

Library 854 - Books Explored: 22
12929 94853 44550 42895 23831 45594 84507 30375 61870 9136 951 39873 43980 84439 37978 33500 82145 68721 88946 20985 43771 60796

Library 894 - Books Explored: 193
5638 65032 6664 8202 60942 86546 89620 96790 38423 6170 51228 49187 20516 48675 91686 39462 68133 80425 36909 4142 31279 55343 21042 89141 28218 50753 39493 17992 87625 59978 1610 59468 63564 31826 12371 95319 32856 42079 37480 50802 63090 34424 8313 63102 89215 19072 60032 63108 26759 46728 91273 1674 54411 95385 153 74917 46250 54955 89772 30384 46258 82610 31924 5300 19642 12987 24764 29893 60102 87751 85702 13519 89808 73940 58072 62686 226 78563 79077 96999 34536 14569 39144 15082 45804 47856 51441 1268 95990 37115 1276 68862 11008 8961 46339 42244 84741 3334 94984 6921 96522 89353 62221 37134 96019 33050 7453 35618 95013 58151 38187 10546 97080 40762 35643 40768 74560 22337 98626 55620 10563 91462 69447 81735 31553 36679 49483 26444 72016 32593 33619 98137 99673 36707 38249 99178 58219 43376 7540 52085 3451 99203 49544 5003 31630 38800 83345 67476 84885 16790 47004 85917 23455 54688 87460 94630 56746 78251 32691 58292 85939 79797 27575 31737 83902 70591 88512 13761 27074 15299 5572 8645 33221 27078 37826 61392 95186 22487 61913 7642 23004 67549 17374 79841 13795 50664 65513 42990 48627 80889 12282 56315 83965

Library 902 - Books Explored: 160
88577 30227 65560 53274 95771 97825 88108 5165 95285 96823 14392 15930 62524 52286 10304 16453 34886 17480 46664 20043 61008 96848 47704 2649 83546 18017 91749 49256 88169 14441 69740 31343 13942 99455 8327 68233 10899 60053 42138 68252 23709 22179 36518 19110 68776 98473 87724 99502 74426 3259 45244 74943 51395 91846 51914 31436 9936 92884 53462 66775 70874 13019 21725 39133 43743 81632 30433 65249 2787 74973 5861 84723 83699 26869 91129 94465 79106 87811 69381 25351 13064 16135 86281 36107 48397 83215 13072 99091 18719 74018 60201 6454 26943 40255 35139 92995 48456 53070 41295 78159 56658 53077 76129 77157 60785 92529 93554 47990 1915 1405 38785 5513 43402 61322 37772 14730 36238 24973 1422 2441 79770 64410 78237 8096 87457 34214 39848 23979 94126 55727 42932 7095 13242 11196 77245 72642 54722 48066 36805 3532 78798 5073 466 41432 13273 64474 10203 82396 20448 54754 49124 97767 13799 63980 54766 1518 79342 50670 52729 44542

Library 933 - Books Explored: 32
19972 22917 21898 81931 9227 77070 3859 41884 15645 70816 45483 84526 14133 77366 70456 73403 72640 38595 14278 3656 56016 74450 34133 96214 8546 39778 16230 89320 81264 44147 42997 13177

Library 936 - Books Explored: 0


Library 944 - Books Explored: 75
66561 51714 50821 25606 7943 18439 64775 76938 10759 98826 35975 44175 63633 44819 74645 13590 70295 79256 16670 70815 55329 54306 88484 56101 1445 12325 95015 85161 12969 91948 94124 52268 18351 11696 52143 90799 69427 78004 52916 79926 83514 74816 52932 57287 14537 91467 72271 80080 57554 32090 78939 15068 71643 27902 74332 80731 51809 66274 93154 34916 11748 480 73955 1768 95722 35311 98032 31985 60148 84469 7414 98810 59773 34430 96895

Library 952 - Books Explored: 94
52740 76307 87574 99864 27672 27674 24605 39968 19488 10794 75311 15413 88121 85057 89153 74826 53838 84047 29269 19041 51813 77415 17518 94322 57978 44669 3197 56447 87169 87689 83086 42133 43158 20130 59046 80570 34506 46796 55509 63709 77542 78058 20746 50444 61200 84262 12071 90919 99135 37697 51524 12635 10076 95583 20834 9060 94055 36715 62316 47983 38772 52599 2426 30076 77695 88959 61829 62345 65422 8083 33172 11160 55204 75696 75186 13746 4021 83895 17340 50621 36800 28104 99274 59853 56269 45009 6613 96728 5089 79847 96239 20989 77822 15871

Library 959 - Books Explored: 174
40969 47116 58894 11283 68117 17430 17947 1053 66591 86559 74785 24099 6182 82985 63536 12338 80946 27189 26678 60981 32312 58426 19006 65599 94788 76868 7750 74314 12877 71248 20049 97365 21589 93271 17495 54361 20570 36441 15966 67680 48742 96358 28270 36465 36466 20596 19062 95863 45688 17528 12920 94846 97407 65664 35456 77958 73865 50825 50316 90253 41621 25751 64152 44695 3740 42653 20126 47263 3239 21162 62642 19128 80571 64699 81089 71874 78021 97989 54469 15047 72394 99538 28884 86231 5339 96988 70882 9955 83175 36609 53507 96006 63753 93961 90889 13580 40717 69902 88845 64781 81678 77594 3872 28961 52520 47916 37170 43827 46390 19255 61753 25407 21840 23381 42838 93527 63318 11607 52572 18270 351 20835 4964 23397 75623 47976 47468 2413 25967 368 3442 37748 47483 23931 37249 34180 86918 43911 23944 63878 85386 23942 36236 13709 92046 52131 10148 15785 86954 59307 39851 6062 95665 70577 61875 64506 46534 95687 5065 12239 15314 22995 90069 46038 96216 37852 6623 62951 63464 83432 8170 89073 46586 75772

Library 969 - Books Explored: 184
60421 69127 85511 31244 44046 79375 70674 54803 14355 83481 71194 46623 64038 50729 37420 68656 93233 95799 84538 64058 20036 56904 13385 15434 71243 54860 83528 27723 52306 87636 20057 90205 59490 35428 25701 30823 57964 88685 10863 86640 31858 3188 42105 52863 89730 74375 82057 30859 29328 15508 33435 49307 38054 22699 53932 16048 78001 92340 53944 93369 37560 9405 48320 1731 79044 4293 79047 82631 51913 99025 21714 87762 62164 42709 67799 60634 73948 61662 91359 21730 60132 17125 51943 3820 31469 62190 65773 16116 31991 251 53500 56573 5376 88834 98053 82693 3849 41740 19727 61720 62232 15134 22816 37153 57634 19746 64800 23845 6950 72487 62247 12078 45359 95535 52019 12600 14648 826 57662 62783 90942 31048 87888 850 70490 96091 11613 15710 24415 55136 44897 34658 90977 67945 40301 46447 87409 38770 10611 93048 51065 39802 6524 62333 53628 49536 92545 32130 19334 14216 11148 88974 95632 41360 73117 39838 78750 75681 8612 91560 15796 41909 58295 78776 17336 41404 80318 96203 93133 93136 91605 58329 18906 81888 96738 13796 42985 55786 9194 65009 79861 52726 93687 72700

Library 970 - Books Explored: 37
16387 77444 23811 75399 25481 96779 39566 40598 78871 85272 82585 87578 33430 37789 89890 12966 98086 63401 44 42671 25021 96958 3392 48963 61513 9430 72408 10462 3678 23903 76005 3311 29687 78324 23159 80761 28924

Library 971 - Books Explored: 71
98048 9601 5122 78723 72836 6021 97542 67845 17548 63505 86290 8466 6037 18584 28696 5404 22301 96286 96031 64799 17057 36893 54430 78840 16934 43302 48044 58542 75951 43952 60467 96948 72628 62646 70072 6075 10556 73789 12607 88639 23490 89027 21068 80333 61774 12110 73038 75090 96340 93141 16468 50008 71130 24410 4572 33245 29790 56415 95840 98657 20451 49385 93674 16634 51825 29685 51062 38262 90616 21370 55807

Library 972 - Books Explored: 27
5763 15238 65672 78600 63754 78865 69139 59158 98456 91929 27418 66594 10019 3625 77364 50360 81083 90683 22852 89038 52183 60255 80611 64100 38897 99444 38646

Library 21 - Books Explored: 111
73730 60932 51209 87565 74254 94741 76823 56856 83485 29736 16936 59436 16433 29237 11330 22090 3660 82511 12369 66644 77397 35413 14935 43613 91234 64101 23655 26729 63615 86147 40582 65166 79002 16539 34972 77979 89246 17059 99496 8366 2742 50874 186 23740 85694 53451 71886 69847 59108 48360 47341 23791 63215 11505 73455 56564 47350 71416 23802 52987 99579 58119 3337 70413 16658 82196 84759 30487 33049 72989 52511 43296 28965 27948 37701 92999 22343 49997 66387 60763 27488 7545 42364 26496 52100 29573 27018 5006 73105 77201 55196 53154 29104 10676 30644 43956 11193 30653 69572 70596 80326 40391 84424 97738 43989 6117 81896 98288 46577 56816 56823

Library 32 - Books Explored: 93
29198 12820 52761 54297 3613 4125 45088 24130 91206 15943 93255 51795 97894 49772 65141 39543 55932 59518 94847 50311 33421 84623 19600 62099 17047 92837 27826 61108 83645 82110 52418 53449 66250 70861 89805 88279 67801 78556 45276 98532 87268 51941 58596 45291 45812 15095 58108 73981 70910 86271 32000 70913 58363 80139 17676 90386 4383 76586 25900 13621 92984 58181 17741 45394 40315 74624 92549 52102 30094 56719 85411 46499 10661 77228 13236 15813 38853 13769 86473 1485 4046 51669 49115 28638 88542 83426 95726 24047 91126 72183 11771 28157 5119

Library 39 - Books Explored: 22
66432 4994 6788 36111 13968 96660 38036 45601 70050 72227 8226 12327 56616 59051 81586 53171 41797 69581 84437 42338 88563 8444

Library 45 - Books Explored: 53
71685 33414 15495 92040 79755 61326 28687 31505 23062 81818 41630 57631 45727 62120 43176 31018 75697 20405 16054 92214 75576 26172 6588 38974 99774 25408 35393 72008 68297 78283 83278 78420 53845 52698 72155 55901 30814 70497 44002 31329 34020 26470 24172 9452 87916 26225 77041 90483 45687 70904 72569 17277 81791

Library 60 - Books Explored: 13
58498 26928 39921 93712 51923 86929 31632 89718 25715 19353 57788 64958 60479

Library 62 - Books Explored: 72
30327 42248 35338 38282 6282 64398 75672 65433 27929 65309 21536 15521 21155 89892 31780 96678 45863 46248 77091 28714 21675 27305 46125 49712 24112 2610 79155 5171 97717 85685 74679 52028 54461 44350 13885 8510 25791 34111 11460 39878 44663 47432 1353 26186 40395 6859 45774 42321 18899 80084 30038 45527 79703 64983 90207 85089 77922 69217 24930 2022 27750 19179 77036 78444 31216 83952 22645 17271 24568 59129 12794 37755

Library 64 - Books Explored: 45
46208 87680 42887 75281 76182 32791 77718 42905 91803 4252 41245 93858 89891 78886 83496 46378 48172 37294 24371 70451 43319 94904 15929 98625 74050 53828 54085 58182 50765 97022 53327 41041 33120 12257 84581 98537 39658 47859 68981 37366 61174 8057 54010 71038 10239

Library 83 - Books Explored: 75
69763 88069 5766 84871 96648 24454 10118 5771 16782 21903 60693 7446 37911 27544 74393 81048 54807 44188 25502 20128 54177 68514 96803 81451 68527 77618 42420 66741 75321 70585 5180 68474 25792 45505 74178 20161 24774 25287 48331 2125 67278 68047 96975 75344 51920 79442 92500 88277 69464 26329 58713 20955 64732 41951 33632 86369 33505 97635 3685 25830 84712 40811 57196 4601 35564 57969 96116 80500 59253 36343 71796 98169 52858 85757 16639

Library 91 - Books Explored: 58
25733 97036 8208 1912 70036 70808 33821 53023 11039 33185 89251 4389 10663 80168 95401 20648 20651 82472 71470 52783 76340 14773 44599 41784 49976 19517 26941 50881 89025 43332 90436 44617 29002 22736 50768 2514 79444 66772 61143 49624 55898 25692 62303 38111 95 38882 63072 26464 32607 70631 45815 67437 18415 8689 88951 68728 52345 90235

Library 105 - Books Explored: 40
56069 44421 40714 85387 9354 23951 65682 93208 7323 82085 2987 77099 33710 75446 99000 85309 89282 63298 25158 67014 15305 53974 67030 87386 11610 43485 32605 63710 53218 94051 8682 94570 18027 87021 48496 81012 43508 6901 70652 92671

Library 117 - Books Explored: 28
95360 95747 27140 92550 49929 54412 71835 25509 85926 95406 44975 12859 60613 45125 59975 91719 72778 31957 1622 27734 91356 62685 98141 31197 51302 25068 16756 1658

Library 118 - Books Explored: 36
10115 39173 16390 70667 27404 67215 89232 49300 15769 52381 22941 85799 45482 55085 24499 84789 86838 43705 11450 43837 48587 42831 62039 27519 90079 57696 10984 99433 99562 85864 38253 51824 72565 59382 36215 65279

Library 121 - Books Explored: 46
770 28165 64521 64649 27275 18316 65425 59155 90515 85908 52758 93206 90391 89881 74266 35103 8480 84512 58153 28723 62388 59709 33855 57031 95944 19529 66377 30161 89553 31057 75604 76757 68822 467 23386 30303 30563 16102 81901 74233 32238 117 9974 94457 52346 47615

Library 128 - Books Explored: 121
84996 91663 53265 2067 21013 61468 41000 25136 74812 91710 27200 49743 16467 53331 22107 94304 42598 78952 57971 21631 24704 99473 24729 74906 670 57504 673 73889 7849 98477 18097 9394 50362 13500 69313 47301 72907 81100 93903 30415 78036 63712 23779 44773 39655 66281 10476 41710 59633 41202 5877 95991 2296 97021 38143 19716 35078 7944 24844 12048 24848 90905 70427 20271 818 61236 47415 4410 84284 16191 97088 18246 71498 55637 12634 84827 79199 13151 33137 35197 87937 95107 62341 67974 32652 62862 87960 8607 7588 13220 96687 88495 1974 5559 19894 89019 3520 27585 69580 13773 18387 41429 5589 81366 91095 27608 78810 72668 35804 34782 96223 94689 74211 74212 46563 96233 73708 12271 4591 44020 91642

Library 135 - Books Explored: 15
71936 51074 51875 41445 67530 66698 88620 40269 88366 15185 18549 85847 60121 72955 51359

Library 142 - Books Explored: 22
97664 1795 85253 94349 22158 8727 2472 36266 85039 30901 81593 91324 1478 21837 10320 43601 41555 53977 47582 91236 25327 21881

Library 148 - Books Explored: 12
42817 1093 17319 40201 49517 81423 52560 76207 59510 45270 73147 91805

Library 150 - Books Explored: 12
25897 61162 83946 90764 6861 2030 8398 83052 33681 85166 62170 65373

Library 155 - Books Explored: 14
57600 12162 96451 36582 43495 55687 20268 42444 3540 22266 94521 96090 36730 6815

Library 160 - Books Explored: 32
68865 84355 72585 3338 7059 86291 1558 6171 35996 84125 90783 18336 56993 28202 71214 77111 12727 18877 7615 80195 31690 67033 99810 14310 17641 72172 14831 13040 80501 75769 36602 46972

Library 174 - Books Explored: 13
37696 68801 22241 96484 85223 98346 12493 39663 14610 92949 3545 15197 91839

Library 179 - Books Explored: 31
72448 44675 56324 9347 26248 66191 28436 48917 277 27927 83608 99867 75803 84381 3102 44961 42530 47655 77743 70975 7748 80453 67916 76492 76113 98261 81627 53735 50795 34673 98678

Library 197 - Books Explored: 39
10242 80132 42629 24457 7052 64525 79764 67479 49437 7328 5408 46885 83238 31783 17586 23220 80821 98230 81464 46648 16571 97724 47675 70086 6345 64331 63185 49107 91354 23900 9314 59624 14185 53482 27628 57709 78445 97786 58491

Library 200 - Books Explored: 41
44160 36866 50948 61702 59401 45578 20362 26388 74644 42777 66203 71328 28834 41637 71463 68782 7729 55347 33588 66231 30647 14649 51132 73149 9792 79046 2000 40913 53336 45272 6876 45152 69857 40296 44905 82538 91498 7660 8436 18040 75519

Library 212 - Books Explored: 28
63617 30850 30353 70805 57495 77081 86430 87201 52007 41258 67886 54324 4404 86454 40502 18873 20304 63699 84696 66782 91876 71781 38244 12391 77549 99185 27761 57725

Library 217 - Books Explored: 37
63616 21633 28291 55045 6534 2314 7448 30620 87071 9887 26915 76835 53287 63657 42668 53293 18997 22198 35003 9147 41661 68034 14150 12232 17482 32203 45260 26330 57434 83431 59497 93421 82420 36981 87673 4350 25599

Library 222 - Books Explored: 2
68032 2623

Library 231 - Books Explored: 4
63041 49217 32684 23534

Library 232 - Books Explored: 57
2691 13188 66311 15625 32522 39693 89357 54671 70672 97423 88208 6803 22797 16662 46999 76183 39830 21786 82843 91675 27557 26028 61228 82862 40749 11056 68146 27443 86325 2745 43711 97984 33215 44098 54978 69060 28487 86087 62407 4182 73430 32088 99803 15457 91618 63076 17124 63716 14952 25712 15603 73205 91512 77177 96123 24061 63742

Library 234 - Books Explored: 18
85826 24356 99527 55080 68969 68587 29356 57100 16587 35089 24883 48979 7763 49754 58583 78201 80634 20637

Library 247 - Books Explored: 18
91362 46276 86950 44359 3750 61834 38252 25132 33422 38159 64668 81041 92563 46935 4121 18458 19004 18815

Library 252 - Books Explored: 4
81985 44923 48225 65633

Library 267 - Books Explored: 18
39937 15362 5858 85671 83690 58379 50030 51950 22608 53298 24979 90518 9367 37880 12665 35706 95132 14846

Library 268 - Books Explored: 21
99465 44044 48409 35119 25400 38841 29374 82880 37062 16074 48604 91997 40926 96227 50531 61418 69998 11892 44279 5883 85758

Library 273 - Books Explored: 9
16450 75266 88881 33362 22770 30260 87926 96217 86747

Library 292 - Books Explored: 10
99776 68993 53092 44869 85257 60298 84235 65654 71291 13020

Library 320 - Books Explored: 8
80933 33723 44462 67728 79251 3131 15804 85661

Library 333 - Books Explored: 14
38336 65313 92997 11621 67473 58929 68276 87061 49397 44885 28794 75775 98492 25055

Library 335 - Books Explored: 2
71417 29809

Library 336 - Books Explored: 17
77953 23361 76035 46273 44871 49512 56520 52618 10823 84140 46312 54030 85331 27284 62618 74972 42782

Library 356 - Books Explored: 5
65645 21624 13466 28220 36510

Library 358 - Books Explored: 7
18536 64687 52981 63574 23128 75897 23002

Library 359 - Books Explored: 3
2379 90355 92298

Library 389 - Books Explored: 2
30912 86078

Total Score: 1660957
---------------------------------------------------------------
