---------------------------------------------------------------
Number of libraries explored: 21

Library 204 - Books Explored: 680
38912 88070 10247 57353 22539 4121 2075 40991 81952 40994 55335 92201 71723 55340 65580 71728 90161 84016 6195 18497 20546 8264 36939 55376 18514 10323 10326 75873 69737 14446 82032 86132 24696 36987 69762 80009 43146 80013 82064 69777 92309 80027 77984 10400 34980 86181 90276 43175 4264 80040 39082 84138 84137 55472 86195 73908 57527 22711 80061 63690 22732 37068 6350 22736 8405 4311 16604 45277 75996 71906 18665 92403 90355 59637 78068 98552 57595 26876 28928 65793 33027 26884 78088 86284 12557 59664 71956 30998 78103 49438 65822 295 53545 37165 71982 22830 78129 71989 31030 43319 31037 84286 24895 82240 98623 6466 6467 20807 16717 24910 22863 31057 31058 2400 92519 26988 6509 16751 24943 45430 29047 33143 78206 6527 94595 88455 65934 80271 51600 96656 72082 96663 63900 53668 24996 39337 96690 96694 55734 92600 29113 94650 31160 41399 57793 12738 33220 41415 70088 20938 12746 18897 41426 27095 27097 86494 2529 10723 29158 35305 8684 41453 33260 86512 63984 12786 49651 57840 47610 43516 39421 29186 25090 12809 534 64023 8730 82462 8739 27173 66086 31275 6702 35375 14896 8755 31286 86590 35397 41541 37445 82505 29258 49738 33360 57941 10846 94815 39521 19042 609 49762 39526 10854 90731 80499 96903 88716 92815 14994 53906 98966 23191 27290 6812 21158 60073 96941 82610 41654 53945 15039 35527 90823 15051 21198 60115 10968 27353 23258 41691 23263 45793 10977 51939 58086 78567 92903 6887 25325 74478 23284 43765 39673 45826 82690 8964 62213 86791 31496 25352 45834 37647 64272 72468 35606 49945 43805 56094 76582 84774 64301 19245 17201 19249 97079 23352 21309 95037 82751 15166 31554 90950 62283 4944 80722 68437 857 21340 43868 90974 21345 50024 60264 54120 21370 60291 23430 23431 29580 25487 74640 27537 91028 91035 925 27552 13224 7084 7085 39854 56244 37813 58293 60341 62393 58304 25537 43972 9158 58313 97229 31694 33744 50128 99282 74707 39896 15321 76762 13280 95202 54243 35813 9191 23527 64488 37867 84973 66542 44016 21494 33782 39930 41981 21502 41988 93189 52232 58377 74761 52235 87052 72712 44045 60424 66576 31758 70676 60438 5146 66588 58396 64551 35880 15401 39979 35892 7228 25661 78912 72773 74825 76882 44116 97374 52322 19557 7271 83051 99438 68719 44145 15476 29813 46205 33919 83075 89225 81040 35989 81050 3226 76962 9378 17573 15525 11432 85165 15542 74938 29884 95424 46272 74950 87244 23757 68818 13522 79061 79063 68823 70878 27870 79072 85217 99555 85219 38116 40168 56553 50412 68848 7409 54515 62708 58617 95482 11525 91397 81158 25864 70927 40212 21783 64792 23835 25883 38174 23839 60709 66853 34087 60713 79145 13617 75057 58674 83252 3380 32055 1335 87355 60732 85309 66879 27968 64832 42310 25927 99658 3404 70991 36179 9555 30040 27993 46427 97627 21859 64868 52582 71020 54638 21873 15730 71028 7543 11643 28029 89472 25985 56706 68997 71045 15750 73096 89484 13710 46481 15769 64930 52645 50599 21928 28088 75195 71104 99776 87490 30147 34248 79307 75211 7629 17872 77267 21974 1494 89560 83416 75232 40433 97779 52723 13820 3581 13844 30228 95769 54809 58907 44574 22048 73252 40495 54837 1593 48698 48702 34368 71233 60999 18007 7771 30300 7777 87650 36452 77413 77419 24173 44654 83566 61041 87667 28276 71285 97910 59002 87682 32388 85638 46735 56978 3730 83607 87703 44697 71319 97947 36508 69280 50850 56995 34475 34477 40624 11957 48825 22204 9920 46787 20165 40648 98013 14045 32477 73442 1766 24295 32489 48877 95986 20213 91894 22265 83708 98046 65278 65282 63235 28428 36625 18194 3859 46871 7963 5918 5922 96041 69421 50992 94008 69435 63292 44866 51015 28488 79691 98126 75603 32603 5979 61277 77661 57188 61291 87919 59248 38768 16239 75637 32631 8059 42881 38786 55170 55172 59271 44938 98189 69521 36753 14230 53143 92056 51096 73626 92060 71582 32671 12196 47015 44977 36786 85941 26552 59321 40890 90042 92093 38846 18367 34756 6086 57287 61384 36806 10191 73680 36820 4053 65496 90073 47066 49116 38876 45021 16358 14314 59370 75759 42997 83957 79862 28666 88059 67581 51199 90639 87341 46468 57563 85109 86496 33825 46796 16795 54962

Library 210 - Books Explored: 266
62976 80384 71680 91147 61452 85520 86033 7698 5137 30742 45593 83485 7198 4126 18976 97314 30756 55846 24618 79406 93232 80945 22064 26677 9785 2618 63549 37954 97859 15429 92233 20041 92235 28747 21069 61518 53327 14925 84563 10836 66133 49752 37465 26718 87134 41057 50788 9829 36350 30822 96359 1130 84593 98419 10868 48758 54902 33912 88697 69242 27254 91262 28799 42624 45187 94340 96910 6290 94358 75928 96410 95900 58014 41632 39073 50338 72356 37540 48805 62116 57512 73897 32426 95402 37038 92853 16054 8376 98490 15038 85182 60606 93892 37063 62155 2764 78540 27854 47823 48335 52433 84179 24276 4822 19161 46809 88283 75995 10973 15072 30945 21217 91363 72930 38631 66280 21225 9960 68327 79597 96495 7921 76532 93428 80119 24824 12026 55035 20730 4861 52479 21248 84737 89346 25860 58120 77067 98060 90895 7952 76048 18191 47888 19222 8473 76057 23834 11548 46877 95518 84767 25887 13598 93986 56609 87332 78622 17193 16681 92464 54066 89394 67899 30524 71483 54079 58697 12617 42316 42829 43342 3918 82253 11089 80210 94034 55124 33106 91480 88411 95581 45406 98655 46431 76641 40806 61287 31084 27501 86382 28525 72048 23928 89982 38785 24962 75651 59268 90503 31623 86409 88968 18824 37262 53139 13715 9110 48535 33176 43415 71577 11676 3997 92573 97695 96161 19363 68516 13220 73126 5031 85929 57258 92074 97196 76717 48047 91568 14256 93618 59825 39858 66997 51640 20923 44476 61373 22463 99265 29633 95176 98760 81356 7632 97235 36824 81369 5594 66523 18907 69597 43492 58342 10729 31210 84463 48624 72178 37363 63477 26615 93178 43003 14332 95230 67071

Library 694 - Books Explored: 318
10243 22533 55320 75816 8243 12343 86073 96315 24636 84032 4167 14411 69709 69717 26711 65627 51293 24674 12398 69743 82040 86141 30846 57477 98437 14481 49305 159 51384 4285 53452 71887 67794 8406 98519 6369 8419 14563 28911 92402 51450 8453 30986 96528 92453 35110 49460 18760 20819 14678 22874 26973 51554 43363 94565 39270 53606 37238 57724 57727 90496 41346 33155 88457 33162 59791 94610 43412 24981 96667 16799 14755 92587 57776 29123 61894 12745 27083 2507 90573 61904 10716 31197 57820 4581 35307 98797 72176 74229 66042 31235 4621 35352 98844 27182 37422 84535 29242 53818 6720 43589 96856 82522 19035 53858 39524 2666 27251 27259 25216 62081 29316 25221 53899 62094 55954 17045 53912 39581 82592 82593 72364 47802 82632 60105 74451 29400 17113 70369 13036 80641 31494 51984 31506 62239 95015 60206 41775 84787 72505 72527 25426 76633 15196 27485 15198 31582 97119 15197 88931 74619 58236 19344 95122 97173 41886 97185 33698 48037 91061 21432 89020 76736 66501 46025 21455 56273 3029 58332 50148 31727 37873 19457 97285 44044 99344 42002 33811 85017 23577 13347 50220 95279 85043 76860 85052 56386 31819 74843 95324 9309 62562 9360 46249 13489 50359 7355 48322 31972 27886 62703 25844 74997 9490 77085 34080 29988 1318 64813 79152 13623 34117 30022 62794 7514 30057 28011 38257 77175 15735 56699 17800 34184 52618 95628 28052 66981 5545 42422 87481 9658 7617 11715 52675 42453 62934 1506 46585 22019 13837 75278 1552 85523 97825 67105 95790 36398 3632 40509 61003 9806 65118 22125 20078 83567 40557 93809 91765 54912 36487 87690 63128 54955 97964 36527 26288 61105 63164 83650 73434 50915 63209 55024 22281 26378 34584 14108 93981 89888 28452 67367 28458 40757 75575 69436 63296 20289 46921 38731 22347 98132 77669 5989 8046 92022 96118 32647 26509 42900 96151 63392 53158 42933 44983 98235 73660 53182 8138 75740 30694 83942 83946 24555 65518 6132 71669 32756 6143

Library 454 - Books Explored: 509
26624 79876 79878 22536 40970 20493 77847 49181 36898 96302 49 14387 22579 59444 49207 47163 79933 51264 71745 88133 72 63560 14413 59474 2136 34905 39002 84062 41055 8287 2145 12385 24675 55404 63596 41075 8308 96374 2168 92285 2174 39039 96385 137 10378 67723 34955 20626 90265 75930 37021 65700 92329 8365 26799 43190 35009 194 4297 43215 35025 65746 43219 96469 26848 92385 49379 55535 28915 47349 22775 63740 63742 22783 55555 28933 69898 98573 41234 47381 51481 33056 67877 78120 49455 71983 20789 20792 28990 82239 37187 76099 78156 8530 49497 18800 12658 47480 82300 31104 12681 47499 74130 84376 43433 27052 65971 35266 14807 37336 59865 53735 4588 86509 55791 78332 88583 64008 78346 35339 41483 66064 84503 84504 61975 82457 540 16930 39460 90670 94771 76343 33335 35383 62014 16964 27212 74318 70230 21082 68187 10847 92770 64100 70246 25190 55912 6764 6770 55922 70263 51832 57977 64121 41604 14985 43660 62092 57999 86681 78490 66205 45735 70314 4784 90801 55986 96948 68277 698 84667 60100 23253 4829 92896 62179 94953 47851 19181 56048 72440 15096 33530 4864 80643 39693 74509 13075 51995 60188 33565 17184 90916 52012 45869 13104 23346 27446 41786 49984 90945 23364 60230 54090 39755 99148 97101 13133 47946 19291 39772 60258 2915 62310 39795 50036 76669 60290 76684 78739 64405 43928 45980 62368 84904 48045 72623 82866 9141 70581 99267 76742 82894 56275 64471 97243 21471 7156 72696 64505 60412 60416 5125 46088 66573 78867 7193 97306 91161 1052 13337 5151 80941 64573 9278 64576 72770 91203 37965 74832 33875 87124 56407 42077 87141 3174 19562 64620 27756 15470 23679 76927 78978 31877 74886 83078 70791 13454 91282 27794 42146 11434 11439 66737 21682 25788 56509 9406 62657 62658 81091 48324 52420 7375 25809 87251 1243 25820 13533 40158 77020 70880 95456 89314 7395 27881 95468 54508 52464 27889 62706 52475 11518 29950 13570 29957 54543 52496 79120 9496 81178 5404 93478 93484 56629 7478 95546 81220 60749 54611 99681 52581 44389 23913 32110 15727 79224 36225 52614 50567 9611 34192 23953 7573 38296 85401 42393 85404 42396 11679 44447 97698 93603 99756 73133 77235 54725 87493 42439 1483 19920 91600 11730 5591 85466 83419 19936 42464 26095 28146 56819 85502 85504 17924 46597 69127 69129 28170 85526 34329 65053 34334 40479 38429 52769 95778 11815 81455 71221 15933 48705 3651 3658 54860 5719 48734 7780 77417 1642 48751 58997 61067 22155 85655 54937 83609 54942 50847 28320 20130 1711 5808 57010 81587 20153 18112 67269 24268 34509 93900 54995 42708 11987 83687 55016 83696 24305 18162 65264 30459 26367 48898 16132 24325 3845 30471 1799 3848 53002 32529 12050 67347 75541 26390 10014 30501 46888 30505 18221 12079 16183 57146 46909 69440 40768 22340 63304 55114 1867 71499 61263 77648 48978 96085 44889 51033 18272 22373 20328 98154 94071 16248 46969 22400 34702 46991 38807 63480 67482 26528 26534 32679 71595 57267 36789 34743 20409 83902 77759 42942 28607 63429 6089 20425 92108 61394 67550 36831 8160 14317 26606 61423 12272 73712 59379 36853 36856 67578 55295

Library 21 - Books Explored: 381
77842 18456 16409 24600 12325 96307 24635 59464 82018 45159 2155 20603 49281 57474 55429 63628 30864 18584 14490 10405 34985 8362 12460 6318 47281 84155 10429 75966 24770 98499 96455 45256 39119 8400 30932 51413 32993 43233 78054 76007 51446 31004 71966 82206 39201 49442 65830 45361 22845 35135 49473 14675 59750 63864 4474 90499 67975 35212 49553 78227 22935 88474 88476 88485 41382 35255 10682 6586 4545 63938 45507 92613 4556 78287 35281 86490 96731 88557 59885 66034 80371 96762 74237 82431 35327 64005 2573 98836 16917 21014 21017 4633 53797 45609 25134 66098 4676 35408 51798 57944 4707 12913 74355 23156 25207 72339 33434 66203 72346 29341 74399 53919 17064 76463 31408 21168 49847 25273 17088 78529 27345 23254 47834 58074 39645 41699 39654 33511 74482 15093 45822 64258 54020 78597 27402 64267 15116 66318 33553 33566 95007 13090 52003 6949 4920 68418 97091 56137 45898 29516 37718 86877 76638 99166 25451 80749 7035 50044 74628 54153 48011 13196 33678 99216 60308 39835 5019 29603 91044 5027 68519 62385 64433 950 76731 43991 7133 60389 78822 76779 56308 64502 39929 78847 56320 44037 39945 48142 35858 72723 80918 7195 72736 17445 5171 48185 48194 93255 68683 76875 83023 21585 85082 85087 64619 23659 5231 9331 62580 54390 87159 89210 7291 62591 11399 27785 83089 48280 76966 64682 85163 68778 42161 48315 19661 87246 64723 34004 17630 52449 89315 13542 9447 9450 60654 15598 3329 48387 95493 52486 42249 83213 58638 58653 93472 21793 62754 42278 27949 50485 5435 30034 48467 73050 23901 11627 91539 26013 42398 19875 36259 54702 64950 99773 52671 28101 5575 89545 42443 54735 69071 83422 5599 48608 44511 97762 38368 69093 75248 56823 30206 67077 50702 73234 17940 69150 44579 85542 83497 17962 77361 22066 5690 89669 48713 87627 13905 58968 11865 61027 11876 44647 32368 67201 59012 7822 38542 40601 85659 36507 40610 36529 26292 7861 54968 46783 85699 9925 34507 73420 69327 18151 89843 44790 34551 77571 83731 18197 30493 42784 73508 5931 22316 26415 5935 89905 85814 51012 85832 55112 77645 12111 96086 28508 65373 38752 69473 98144 59236 57195 32626 28531 73590 51064 6009 65406 18308 6020 83847 59275 53132 96144 85906 98211 61352 44968 18352 71605 53173 69563 85953 94146 57292 36817 38869 65500 83934 28640 55270 14312 63486

Library 112 - Books Explored: 193
85511 13831 31242 2570 65034 29195 68107 33291 9740 65554 39443 42006 56854 32792 99866 30751 82985 43056 69682 10803 88117 21568 63041 93761 35907 14400 43590 68170 57933 26192 18002 18516 22612 50261 30292 15448 5212 12897 75877 75365 10856 9838 44143 97903 53873 41586 70259 67700 75893 13939 2163 72825 59007 18560 2177 52865 46724 74373 91270 90245 94856 55945 53387 9872 87187 27283 21665 8355 31406 46767 60593 40113 75958 12471 73911 91319 42170 44223 29383 41159 16073 24267 29392 31958 52950 48855 39130 48859 48860 72925 2783 76512 49887 88800 95457 22244 96484 3808 96487 45291 74993 43250 47347 62205 46848 53504 88322 86787 1284 43779 67843 94980 57096 60169 88841 92428 40723 12053 13591 38167 44314 11549 99073 33061 89383 55595 17708 66349 819 61748 82229 821 74039 824 10040 40765 50493 66367 45379 93508 11078 38215 79696 43859 36190 46945 9577 80234 20331 84845 97648 96113 20340 95607 22391 30073 14201 2944 87937 97669 79239 95623 22924 57744 27540 95637 49047 39325 61855 85926 69034 55725 97200 33207 952 55232 52176 76753 7635 7127 16345 72667 6626 94693 46568 97769 16365 84462 12273 27635 83446 8697 40956

Library 847 - Books Explored: 84
85512 51217 39956 33819 22559 14369 89636 93223 31783 21548 98349 25652 72250 20029 45120 4678 29255 53323 75342 35409 37976 38492 57436 75903 87679 22661 13968 42141 60578 19629 89271 58555 42176 4808 75989 50904 40671 78578 64260 30981 25362 48411 44831 45345 51492 74537 68394 87851 69423 67900 78684 22369 71010 11107 89449 17258 40299 23405 73069 65392 40821 15734 87933 8075 59280 82834 46486 99248 74675 50107 41918 85452 92119 41944 70111 40928 69604 41445 85480 11759 59894 74232 19449 18938

Library 624 - Books Explored: 196
84993 27140 25095 58888 48136 22537 75787 10764 78859 5134 70160 96786 27671 20504 81943 78366 56863 547 30244 88103 84010 50223 62001 63029 56886 78907 19003 59 37436 55364 90181 58949 20552 38987 49743 80985 26713 56412 75871 33891 86120 3690 27248 81009 90224 95859 6261 14454 17531 46718 84095 36993 13453 13966 29841 29332 39573 67744 28321 76965 7848 61097 16554 84656 54961 78000 2230 44222 98495 76992 7875 60615 58569 79050 93898 97997 91854 77013 23256 61144 17121 82665 8430 41711 4335 17652 85755 92415 91395 85771 76046 24848 51993 71449 30490 16160 72483 63783 11563 66860 53548 75052 72492 68912 59186 84794 71999 92480 89409 47426 41795 56133 58181 64327 95559 66889 85836 62798 48974 21842 45394 58198 71513 56154 53595 77659 90462 31585 29027 19301 83814 56177 99188 77173 3452 1405 73087 48512 21377 65411 12676 38791 68488 66952 51595 84365 32664 24985 38810 70559 79783 42408 89006 86449 59315 8116 67508 40886 65975 86972 36797 29118 73150 84927 51140 88517 67525 59335 78280 42955 26575 47568 48594 73683 31700 59861 18391 14302 52192 52194 85474 85988 66020 84452 90600 44521 75754 79848 80365 62446 10223 73199 4597 16887 12792 42489

Library 193 - Books Explored: 5
52807 56173 66578 31634 78071

Library 431 - Books Explored: 19
13449 39178 46090 6797 2588 3999 69665 74407 34093 62512 65585 83266 70601 27480 3181 38638 88687 80882 32501

Library 516 - Books Explored: 138
72704 23055 80406 8216 62493 26656 49698 21029 23080 62505 5160 65581 76338 80437 87095 99384 81980 48701 74815 43587 89155 14918 35399 95309 11342 17490 8788 67157 82008 8797 27232 94308 36455 48243 42613 52856 21113 94843 63103 52355 25736 11912 32909 40589 94353 64667 78497 34468 73384 57007 83126 88247 47801 69825 57031 78029 89295 77014 80095 23264 95459 21736 14058 71403 16623 35059 38133 80120 87809 24330 86812 11554 55074 61221 54055 68906 60208 13616 35122 13107 31540 63797 45880 28987 58175 32576 85824 97602 72002 35137 62277 2886 98119 21313 20822 93022 22879 14174 75617 79205 9575 74600 6504 70519 14714 99194 29565 96639 59776 25472 89479 13194 47500 54672 85907 30100 29589 1430 61332 36760 76696 79263 80292 84906 38830 10164 97718 69564 46014 91074 5062 85456 29650 55254 55795 91637 71670 86523

Library 114 - Books Explored: 76
87042 28931 25348 12805 87430 72583 54024 54662 6027 52111 57488 14199 17914 67575 76565 80534 70550 2583 9241 36634 92953 70812 67996 24738 56098 83876 53029 57252 71202 71077 48937 59556 70316 23543 99893 9910 91702 27325 94910 54718 6336 57281 51653 71622 93127 327 88905 51397 64326 80846 17487 8916 68053 32086 17238 59353 93529 63964 49272 88417 12004 21092 6118 97512 43368 25323 78445 99822 24433 81906 62195 24691 48631 65528 7546 71935

Library 610 - Books Explored: 87
16397 29717 98350 98867 57910 12358 95302 17484 33879 53337 77919 9823 29798 65640 30826 72813 99951 81530 50814 83073 80022 23702 21146 99487 43687 4781 4782 15025 3263 52427 23549 10466 34021 6382 86258 58099 56564 36598 54015 5888 58627 60164 77575 63753 19723 34064 82710 48923 39202 7971 66344 2857 53036 2365 44352 1347 51525 52551 43343 6484 39263 54627 25449 40304 57200 56183 84857 4476 83839 64385 60818 46507 9645 69044 4533 98230 23479 56761 74686 83909 8650 13789 44519 38887 69611 16376 61949

Library 127 - Books Explored: 35
73486 9102 15760 12558 30355 65688 19490 43812 56487 29480 23978 24364 84019 44471 77496 48953 36412 5569 74049 59081 39882 5963 26328 35806 72165 87014 15975 26343 52968 19691 23789 2286 28015 17651 92028

Library 960 - Books Explored: 78
3101 72223 77346 59943 65075 33843 48693 59962 52283 89679 5725 46174 28768 21090 62564 59494 54891 39021 66161 10869 17016 51861 87712 38070 87227 48316 54465 39628 9421 78036 17116 50403 44261 94952 53485 9966 42225 54522 76539 265 25355 12061 63779 66862 35120 50486 74055 9546 60256 5475 23922 46962 7544 63356 54143 29567 50052 84873 71564 10637 87445 97687 52636 64418 30117 946 48563 2488 8638 32705 99784 19431 26599 99308 15855 62456 51196 94718

Library 345 - Books Explored: 78
5633 22031 93210 54833 25649 27194 3643 49726 53331 44631 90733 9844 49783 53371 35454 81026 71301 85130 60044 43678 46239 62120 79533 89275 53952 14529 33481 57555 27876 2793 46830 57587 2813 60681 69386 82196 38678 13096 62251 11569 48436 31543 14136 48445 93506 83797 58714 18780 79204 47976 880 9072 10102 4985 58235 52092 67453 25490 11155 18836 16279 59800 71580 70045 91040 89511 32687 41904 86962 38844 47044 967 51657 25046 13273 71140 54759 19434

Library 12 - Books Explored: 52
10240 5379 54660 51461 60422 36229 3208 61577 38541 3855 55695 19216 67985 61843 73110 80921 54304 40229 50471 48553 51119 46640 62768 98738 11313 90933 29112 21563 17982 42820 50245 21701 64716 8656 24531 79318 15062 84185 64986 27099 26589 85341 24032 57572 32869 4196 43364 43114 65770 98291 45685 15864

Library 89 - Books Explored: 32
59141 92173 71836 3868 50590 56354 40236 11181 39342 88500 54075 12351 80963 42953 16971 58703 65615 9553 56661 71383 70496 86756 29413 11365 63207 75494 85356 25069 36590 33773 39542 79615

Library 125 - Books Explored: 42
23683 13446 35213 1173 74011 74396 67868 37535 29476 14885 6696 88234 55339 80938 79022 14899 62003 91190 72890 79930 57407 52288 3144 21451 9552 92625 98641 67549 28641 15586 61415 66663 10983 74990 11118 7536 3838 1012 502 4215 57470 66935

Library 15 - Books Explored: 28
49922 89219 50057 42378 71190 62621 64801 35367 63399 22570 79668 85045 82100 79034 87356 98624 83648 84676 59080 980 58969 87516 55773 37229 12655 97136 53369 8958

Library 667 - Books Explored: 7
73064 88873 43725 48430 53557 75481 10428

Total Score: 1339057
---------------------------------------------------------------
