---------------------------------------------------------------
Number of libraries explored: 155

Library 0 - Books Explored: 193
91648 89603 45572 27656 89610 28683 51722 72715 80909 37903 62989 4113 78361 55326 74784 33315 39973 73775 34352 5683 30262 92730 94267 39492 34373 22599 58955 29259 31819 25170 61524 49247 37367 96360 55913 86636 32366 45680 4213 93817 4731 63100 40061 7292 44167 28809 43658 50317 42126 84637 8351 21671 52906 90797 46257 53941 35512 50872 65211 79038 37567 75458 30407 83655 34505 5325 91345 39635 52440 91865 73947 92380 9441 42729 17643 70381 2797 52465 22260 59126 80118 73467 80636 11006 93442 54534 80650 30475 58636 3342 93968 14100 38677 87833 27933 39198 2846 80160 97566 92963 35107 24867 38182 38183 36651 34608 85809 48946 42800 59703 7481 89917 6973 65856 19265 9027 2885 98633 82252 8024 27998 29026 77669 44902 2407 52583 54633 96613 9069 2926 81264 41328 9591 85368 52090 10108 35197 50047 49538 386 81797 76166 67463 86920 54664 7563 24972 86413 59278 31633 20886 89497 74650 20380 30623 50592 26528 7072 76197 71589 85925 19369 77738 75179 1970 79283 6580 50618 18877 73153 42434 77763 2500 50625 18369 12749 6093 79315 84948 17880 986 40929 8674 80354 62436 74214 26092 32237 22510 35319 25592 48125 84991

Library 4 - Books Explored: 43
57220 75014 77190 13195 99476 28697 68765 798 53407 94240 48429 60462 10034 21427 22452 56884 26934 43319 40505 19515 7743 30400 98880 66242 8524 25421 46547 55764 67925 44122 1243 39772 14177 10722 49509 44137 16747 492 87154 55540 65399 3705 51579

Library 23 - Books Explored: 118
3073 38913 37385 3085 50199 76826 23070 36896 560 40508 56895 96322 99396 69 23108 2633 85585 45651 8789 4185 21594 81502 51297 81001 15466 69227 48752 14965 44667 19071 25728 47234 14469 81031 85130 99984 91801 23706 11426 11940 69800 85673 48304 12465 93873 29874 73905 98485 78006 99506 47282 65723 40645 41670 43206 93903 20177 35541 57563 16613 88312 21754 40191 8969 10003 85780 12055 73501 1312 56612 87855 48433 7496 90445 42317 37710 95063 60248 77659 60763 60769 72035 47462 55142 47975 89449 51568 77687 37239 85894 43399 77192 14221 405 54166 95640 18328 60341 50623 43460 79812 72134 86991 58319 14289 22997 95191 65498 61404 76765 3550 59870 40422 81899 73710 6128 2035 4093

Library 27 - Books Explored: 247
71680 39425 72195 28681 68106 99850 39949 5651 79892 15893 78359 97817 55834 4123 68636 21533 49693 27164 7200 66081 67611 90147 31782 20007 45610 26154 77867 75826 97843 71219 27190 75324 75837 66109 81473 77378 92227 14915 52293 18505 48201 68171 19533 73810 41559 75866 88155 98908 47708 99424 72289 15968 21091 78436 55397 93798 4193 82545 7283 96887 64631 49784 87160 23675 48763 78461 128 38530 25219 37508 74883 2698 49806 23694 55952 97949 87711 36513 3746 68772 63147 94892 29867 69807 84659 13492 71348 90806 43703 12982 64693 26295 29878 20157 76478 62655 90302 51399 14537 75981 87246 73940 56532 15063 84183 34007 77018 7900 7392 88803 95971 66789 8428 58095 76015 40689 46834 56051 6899 89337 72956 85244 20735 1792 42241 86786 79621 38150 10507 73487 32528 48403 24341 71449 61210 96537 91932 57116 37148 43292 18210 1317 89381 52016 17715 17722 3898 13117 39742 29505 4417 32580 29509 72006 42309 68424 83271 55624 88908 26447 98645 15704 73052 28511 16224 29025 76130 93025 43878 99175 8551 45051 33129 76651 14700 1387 99182 82794 22386 33139 96116 73080 7033 2425 69499 29054 52098 73606 59784 9101 14227 33684 51606 70039 29080 69526 89498 72091 50588 6556 98205 86943 83355 49055 57758 27555 67492 39331 73124 30119 92067 18349 14257 59826 50614 31674 33211 89537 48122 19912 11725 48079 89552 71634 41427 28120 82393 39386 40922 6110 82398 82916 20965 1509 53221 28648 3051 21995 29165 8686 80367 28660 42488 75257 82426 2555 84476

Library 37 - Books Explored: 239
19456 89089 18946 48644 26116 54788 65032 91657 57355 81420 56847 56849 44564 65046 2073 26138 71197 29727 94751 49184 27682 55330 59940 41511 66090 6186 30763 56364 82987 42031 63029 20533 6199 21047 56376 55868 12349 94781 81471 29248 94785 35907 58947 57413 35397 85573 32841 79434 52299 26192 80 56914 66132 11870 21599 75872 58977 9314 10340 27237 35945 7274 62570 53356 65137 74866 85108 10870 44663 61046 3193 72314 3707 38527 63104 20096 49283 84100 69766 31367 73865 74892 35469 69773 6287 9869 60561 84622 61076 28821 5780 83605 28313 34458 90267 13983 97449 87726 4276 14006 34488 59577 24762 40635 53948 81087 99521 56514 31938 58570 3276 7373 22732 31439 84176 84174 41173 68310 34519 83669 9948 41189 3814 58089 37612 6895 80624 95984 24303 49396 25333 27380 34551 34039 83706 98046 54533 45832 43273 3851 51980 5388 79123 54548 90392 75546 35610 37662 22817 73506 90916 95527 10025 47914 2859 2348 86317 14638 74031 18221 66866 36150 35638 58171 53569 10050 30532 69447 51527 40775 31053 56653 16209 52053 92515 67428 52069 93540 97638 66408 95601 16755 83827 21365 24949 53625 67456 86913 87943 8584 84371 12691 58774 12695 64920 75673 93078 54171 3486 66978 84900 57255 17832 38825 4013 70575 56758 25015 63928 79800 41405 29120 4544 26562 27587 42944 75203 94154 48589 4560 75731 52692 26074 14298 24538 63450 31198 56802 73188 16869 13288 44009 24552 28136 55272 16877 85487 57840 51696

Library 56 - Books Explored: 124
47104 34306 36867 64520 22027 83472 36883 94229 42006 92696 26655 23074 55331 68135 84007 57895 34347 13369 22075 71740 52287 6213 27722 7245 76367 97362 28754 53342 16479 56426 92787 45174 90748 48765 45182 92800 50817 63114 86162 17046 26269 56478 1697 29861 45738 40621 96943 15023 62132 70837 57024 66241 39618 19142 81095 67272 81609 89290 83145 50895 6353 34008 55512 10458 22239 33506 25829 88295 68839 43243 90861 68342 11001 15610 28929 79107 33542 59659 20749 97554 41239 48929 70433 49448 16682 12086 27447 63288 58698 49493 91481 18784 12148 27003 39810 52611 97154 41351 23432 61836 4493 31636 25494 61850 96158 30626 86949 6054 98729 43434 939 31664 93618 92607 85954 14285 85967 62937 55260 91621 59370 72178 91122 32254

Library 59 - Books Explored: 265
70144 63491 31237 33805 73230 63507 25620 58902 84503 43034 40986 64540 59420 7198 7202 68133 17447 62512 27186 13875 97333 89655 48184 66619 6204 92222 82495 20031 80453 65606 19016 63048 77898 45129 3148 70221 26193 98387 19540 597 10837 95319 19543 596 30810 63067 60509 64094 29791 25694 30306 95843 73830 7783 31336 66153 86634 22123 72300 1644 84077 111 35952 43120 67692 67186 76907 26741 36454 11895 29313 55425 86150 10889 43147 23179 3214 18065 40082 37523 21139 19605 40602 20122 23196 92317 71838 35998 89248 91297 92322 50850 55460 23205 60582 48295 55464 64169 55970 22699 44716 63661 35499 42674 26803 11445 76470 31420 77501 24772 15045 68804 48839 41157 92364 81613 2254 16593 97491 74453 26327 56537 9946 98012 89308 11485 20707 5348 44772 11494 30447 16112 8945 2290 43759 56052 88824 6393 38144 49925 39686 44807 72968 53002 65803 88332 87310 90894 91921 57620 59157 69911 53528 5405 60702 69406 15651 24356 98597 53029 48423 80684 47409 84274 87348 15668 10548 70455 86844 73532 6460 97599 43841 45892 36165 88904 41800 38220 14158 42831 78670 26961 50516 70996 37717 44375 25431 83798 56154 63321 27487 95073 38247 94568 31593 32618 31084 55154 24436 54134 73079 96632 67959 28538 98686 56702 49537 29058 46979 1411 84869 8581 21892 48006 5509 98184 26510 79760 12902 97685 61335 86937 14237 67999 70563 98211 66470 94120 74155 11694 54704 53681 81842 434 34232 5564 93628 75711 20930 51655 73672 79821 69071 49105 22994 34262 56791 95192 63451 23008 15329 42977 3043 55782 59368 23020 24559 23536 77812 99829 40438 78327 37880 6650 93182

Library 61 - Books Explored: 191
47616 36354 98819 42499 58888 54289 76305 4630 67607 93722 89116 32799 74272 27683 77860 98345 76337 94770 14902 17463 39990 85561 19003 70718 35394 67139 22083 24648 37456 72274 98910 50273 27235 93285 56427 21100 83565 45166 92271 45685 90233 72316 27773 77446 67208 63625 86155 49292 67215 95377 88055 19603 22165 66710 6295 41112 62104 6808 58523 15005 77471 76448 53928 73390 45231 26799 98991 32946 48307 71859 28853 91830 42159 17593 49342 90826 1745 61649 36562 22738 95447 68823 95448 27866 9947 80609 49378 68324 65765 16614 46311 21224 30440 14059 53996 80115 49915 47868 51453 35070 35583 98047 90881 76555 16654 74511 65296 62735 36110 71444 97558 48407 43289 5914 38171 5408 55072 44839 36139 98093 19255 66362 38208 95554 46413 81742 79183 69457 9043 24403 61781 88918 39768 38745 25434 11099 71514 7009 1890 77161 64874 81259 2415 20847 47988 4475 5501 41352 23447 24473 81305 24481 64419 58788 66468 13735 1451 53174 77753 99258 28602 8636 14270 7103 6079 61378 41412 17352 80330 16846 20945 87505 37330 35284 44504 79322 25563 32225 73700 70631 79849 70128 77811 37364 71669 65525 48631 74232 65014 72702 16895

Library 66 - Books Explored: 18
83776 4609 22560 66659 23674 7049 53161 5578 65195 40818 17843 82581 4022 42839 83093 67258 81243 29694

Library 69 - Books Explored: 233
3 79364 55302 43014 4102 80905 23049 44041 4110 43026 61461 32791 43032 24 70685 60959 43552 17953 68646 90663 14377 5675 46637 26157 14896 31792 98864 9267 62521 85570 28231 4683 95309 55886 15951 64077 61008 15438 66128 92252 31327 55906 76901 12390 50279 36969 8297 16495 73840 59505 68216 29816 3706 97914 10364 96892 85628 17537 26246 5774 49297 90770 34451 32915 76437 95379 29849 61082 56476 77980 40605 3231 74911 25249 97452 18608 21174 18615 51896 11960 19643 74428 41151 43199 7874 59075 75466 50382 47311 53458 19161 51930 99545 62174 95459 52966 6374 57574 5351 19179 2288 38641 67312 16628 89333 18678 69365 57080 63741 93950 56063 42752 69890 3844 81164 83213 62225 38674 9491 25878 29468 61213 28958 7456 41760 90402 77093 93990 10021 95016 62758 72490 98606 97072 60209 73010 98613 80183 83769 92473 5947 17723 32060 30522 4416 59712 61760 63811 5956 91968 89419 74060 4941 40786 75091 49498 43356 10082 84834 18276 99696 41844 86904 50043 54651 58237 83837 39293 72576 20862 79746 48002 86907 18824 79241 71561 67468 30092 27536 98194 79251 14742 57753 49051 85406 38815 30112 52643 66981 18343 82857 96684 95152 83377 71090 44470 90038 28599 11707 53180 4542 35774 15808 74689 26050 80832 4039 80327 14792 51148 7128 95193 11738 21467 1499 84446 99807 70111 43489 85470 61411 88039 57319 84969 57832 21485 48110 90094 75250 35318 88566 5628 81917

Library 71 - Books Explored: 50
54274 93572 20104 67592 24970 93579 97545 76171 94351 31889 45588 9494 49691 62876 41757 78373 13349 68517 59685 60590 59569 7734 85307 41021 17598 26944 91076 26950 85063 24012 18637 94797 16592 28627 38867 33620 78552 43741 7134 38239 356 36069 68333 61810 86770 46324 76916 41334 86137 79354

Library 72 - Books Explored: 340
77837 83990 38936 4131 10276 4137 10286 43058 28722 90174 36944 75858 43103 14435 94307 86125 82031 92292 51333 67719 77963 88210 22679 96408 34974 39075 16548 28840 73912 88249 67784 39124 4319 96488 37103 84213 14583 86265 88321 14596 28937 80137 57616 96533 96539 88348 43291 43310 90417 59698 51507 65852 55614 31060 63830 57688 94565 16743 31082 47471 98673 80241 8561 67960 16767 14719 74125 20895 22945 70058 55725 76210 33215 27078 10695 94664 4554 49620 51676 51678 92639 57828 63994 70146 76291 61954 25094 70151 14862 53779 70167 10775 57886 27175 55857 88628 51773 68158 8770 2628 2635 39502 59996 90719 78435 4711 27241 64125 86657 4742 29320 651 74384 88723 8853 60056 10920 45753 80577 53956 74449 43733 29406 19166 37604 53991 750 84724 19189 23285 39677 88833 97027 66307 58120 80655 90902 97047 27423 74527 78626 72496 58178 84808 27465 29520 95066 74591 19296 99170 74597 7022 54133 27526 43911 62352 27546 13211 19357 99250 41909 43961 54205 39879 29639 48088 64474 31713 68594 1013 64508 74752 29705 17424 44049 64547 85032 95287 99384 48195 66629 74825 19530 58446 5200 11348 80994 25702 87148 78959 78973 81025 93313 27779 85137 35996 72863 36000 44191 83116 38061 89277 29887 23745 50375 33994 87244 72910 40143 42224 72945 62708 89335 17660 54530 38147 17667 29957 29959 21774 50456 44313 75036 66856 17713 38198 95559 62795 81229 44367 89424 13649 75094 34136 3417 25948 52574 19807 81248 93538 3426 91495 87403 36216 9607 83348 77207 91543 23987 34245 48583 83413 93664 11749 46584 48635 56832 46593 28176 46609 7707 56866 1572 17956 54832 48689 34363 93757 34367 97858 81476 52805 58948 11848 30284 63053 85584 81494 61028 73325 87674 61051 65146 32392 5771 32397 22161 54946 44709 18107 34503 52938 40656 83680 79589 93926 9973 75509 98039 12024 73464 3837 48896 57088 81675 81677 67342 16144 83730 51000 26435 73564 24422 38760 3966 8070 38793 18324 24472 28580 8111 18352 85938 36797 81858 10185 49103 40915 61398 65496 36827 63458 94182 61414 94184 98285 32750 75759 71667 14329

Library 80 - Books Explored: 211
62471 80395 76814 89111 48664 88602 19998 52254 45600 93729 32801 86051 45607 44587 70188 13869 78383 34868 18491 83516 35901 73795 8772 5700 74313 49740 22092 31310 17999 65108 62553 59994 76379 62042 85087 44136 12909 29294 8302 38519 62072 59001 48766 55424 66178 79491 59014 91270 76936 12936 39054 19599 35984 12945 92819 70291 55956 61590 67225 86170 5792 21153 32932 4776 41647 12976 59570 89275 44220 95933 64191 28863 75967 37056 72388 42182 60616 80588 91854 55506 31955 18642 44763 42715 85215 67297 40674 56829 91877 53478 7398 14061 28910 48878 85232 17651 86261 21240 7425 70404 261 7430 84746 75533 40720 57111 66328 87322 81180 23837 21793 95011 3876 76071 2349 42286 35630 27441 26421 77114 45372 66365 94015 30015 99648 54594 97605 5957 32071 95052 2896 48977 13136 65872 17748 70486 77307 9560 12119 58714 68443 77147 75613 4953 98658 85347 45925 50538 18797 94061 59757 12657 15217 29043 53620 88435 70519 65915 70535 36743 5001 9099 59275 19854 22933 71062 14743 85913 99225 18331 60316 84380 23454 22427 27040 59809 94118 52139 24494 13742 89521 6069 39862 33209 97212 63933 84416 52161 99264 59332 82373 24518 95686 60882 17366 92632 75224 34268 45021 97247 47588 30185 39915 53233 1522 11251 23541 6651 77309 38398 24063

Library 81 - Books Explored: 11
4736 31106 53156 86279 30539 79916 2707 37652 9268 79511 18456

Library 82 - Books Explored: 364
10262 96280 24615 90162 36917 71738 59459 45126 14413 63572 2136 6239 67682 90210 63589 90216 86124 34938 61562 59519 94345 55436 61588 61591 73887 94372 20649 39085 53435 51388 49339 20668 88255 65730 32971 28888 35032 41184 10465 45284 80101 90344 67820 10486 59643 84227 86280 18699 63764 6420 24855 45336 280 71970 76087 63801 2363 96582 18759 98639 31055 78162 39261 20844 8556 12655 31098 63871 94592 10634 65965 35251 57780 90555 53693 39365 94666 96716 2514 82392 76265 76268 33262 14835 55803 45565 74244 14854 59915 70156 96783 53781 43543 18974 16933 2607 6705 76343 14908 92737 45634 90703 92751 37464 88665 27242 6773 62070 70264 43642 14982 33418 19086 76430 10902 49814 90787 43685 82599 49837 80559 17097 4811 39630 62171 41692 31458 90857 29433 76540 29438 17160 37654 21283 19244 92980 11064 41792 49994 23375 23378 56149 17238 27492 64365 50031 50033 66419 35704 84857 66429 93071 7062 52122 95143 91048 2993 78772 86971 41916 37825 97236 48093 60385 23527 15338 78828 46067 87030 17417 1037 85007 9238 11287 3098 99358 33823 89131 62508 46125 70707 13367 11321 85053 74817 72773 70727 85070 60501 19544 3163 11370 60523 87146 64619 42097 3189 42102 44155 27774 70782 48256 1164 46226 31895 19612 19615 31909 68773 81071 93366 11451 99517 33982 58566 66762 79053 83151 13523 91349 54485 74969 91355 50395 29917 11496 70907 40959 32000 1282 9480 91410 58645 5398 83224 11552 19761 79158 66872 64832 34115 73030 50504 21839 75095 38241 89444 13668 32118 99715 28038 60826 85405 91552 95648 9642 85426 1458 7603 73144 60859 44476 60864 7622 79320 87527 21998 73204 32256 62979 54790 79367 93706 81424 62994 15908 81450 87595 87600 89648 15931 97857 7745 54858 36427 36435 85590 77399 85599 75359 20064 85604 69230 83570 42615 73346 81552 61079 54936 1694 85672 11946 28335 69297 54962 48819 87737 75459 83672 1755 34537 69359 3828 40696 71420 93949 63230 3857 59153 28436 32539 59174 50992 48969 14165 77654 83799 51045 53094 36712 14186 40816 42879 44931 28549 3975 8073 57226 22409 49036 46996 53147 69533 83871 28579 83882 49074 38835 73652 61364 87991 57275 28609 32711 28619 98252 51149 94165 38877 18407 51180 73714 57333 77823

Library 85 - Books Explored: 16
17122 13508 90886 32807 76488 3402 37293 9166 37999 66384 87157 52245 10038 28661 59961 24156

Library 87 - Books Explored: 94
51715 54802 7205 79401 82986 90154 40493 92719 53809 71221 73786 5178 90175 9791 8771 90180 28748 66647 99933 41567 39521 13931 46711 74874 1151 66692 18569 95376 91286 31905 28844 11963 75963 73917 25795 20676 10439 97481 9934 65233 87764 28374 3818 75498 77547 85226 17646 1266 37625 78585 14586 90362 94463 27391 62208 59654 16146 77590 3869 98598 64812 44854 90430 7489 84299 80717 14675 24922 63325 1888 37222 42858 39806 44928 78729 90513 49048 33697 3489 60326 42438 54218 45016 16346 84444 42461 4578 53218 2027 2028 44012 44528 36849 58872

Library 100 - Books Explored: 11
37985 41506 36163 85668 96167 45041 85073 84595 20375 70106 87037

Library 112 - Books Explored: 140
39937 59396 38408 24588 22541 44061 36894 1054 85536 42530 66597 30757 38960 73265 80435 56372 79413 98872 7737 71227 42557 90179 87111 55368 84557 12880 75348 78433 10861 76912 26225 76402 2675 94835 33394 97397 20098 45193 37018 68762 95901 10403 42660 47274 89772 18096 13491 22708 7352 1212 93885 5314 4808 35530 69835 77519 84687 3795 12499 54996 11991 14555 37084 71387 64222 56566 94969 67833 84733 67326 30976 56065 49923 35589 92422 92933 47367 56081 99092 86293 19739 78620 93983 6944 48930 61223 96053 3894 7990 20288 58689 67395 97092 79703 860 82283 17771 15725 87407 82288 31090 63869 27518 80768 47498 18829 92051 99223 42920 52649 33709 51121 47031 1464 7095 91582 88512 66502 8647 24010 25035 8653 61392 77266 15830 83926 24022 992 14820 96747 42989 7149 51695 1520 39405 69615 93685 93174 25595 82428

Library 125 - Books Explored: 79
22016 93191 4624 87068 29215 3641 64070 6219 3664 88144 74832 33380 54887 55400 84074 53363 49269 85629 12931 45188 82056 78484 71326 32926 73893 2214 44712 24234 74413 3757 5806 65202 80565 42692 32965 3270 4310 46808 26841 69374 1793 64781 50445 23327 28962 26403 11069 37185 42822 45898 98122 63320 35160 99168 63346 371 891 15754 39828 75156 68506 56219 96670 72609 66474 28075 65465 82372 72138 28620 13260 77774 82381 63966 28642 31207 92141 63471 53757

Library 140 - Books Explored: 41
54145 16389 36485 82312 78478 48144 26257 10130 36115 97176 66073 89114 25375 61605 26537 15660 63405 87856 562 5555 20277 58 65084 25920 836 45895 20941 76366 82894 72528 31698 80596 2140 41317 38634 14959 32753 54386 19573 14968 94718

Library 151 - Books Explored: 31
66306 57864 90639 66577 50964 21629 82710 82583 63638 73117 9374 50463 41121 3882 52268 42289 18503 35915 17742 81618 22487 13018 83675 81887 64097 99426 70890 60018 83191 94073 59133

Library 157 - Books Explored: 7
98851 35012 14350 25366 42812 67485 9855

Library 158 - Books Explored: 322
45065 67595 94223 34854 32809 67629 75825 30773 51274 59472 4179 41049 94300 8287 24674 14438 6248 73832 92268 86128 2173 67733 20631 49311 63648 16558 18635 6348 12503 22749 71913 26858 2284 18671 90366 67844 37129 71946 69910 35096 74014 96543 35117 8498 84282 94526 74047 82247 59719 12624 8534 63839 10599 72042 22894 12671 20873 22924 24973 84368 12690 407 92570 43427 86436 51621 22951 76205 35254 84417 72131 92620 80340 47574 51677 96746 29163 20978 29174 2552 21008 92691 21015 76313 76314 96795 544 82465 14894 563 90696 94799 62034 57946 76394 43628 45676 74354 41588 39552 76417 45701 55947 72356 86694 33447 21161 39593 92864 15041 99011 33477 56007 58060 41677 21199 80592 86736 64211 99032 27357 8926 41702 8947 74485 6902 74487 49914 62207 66330 35611 82726 70441 23340 70449 82738 2867 23385 70504 4977 66424 48012 5009 41875 78778 35771 86987 11213 78811 7144 87019 25581 99309 99315 93175 19458 97286 3079 85003 70671 44048 5152 21539 89127 54324 50240 21570 35926 60513 58479 44144 21621 1141 60534 38033 91282 93331 17556 93335 11420 11423 19616 23719 48303 29883 74965 56539 77026 40171 81132 9455 13556 34037 60677 34062 85265 64799 91423 32031 64804 95538 13618 60732 48445 97598 19776 36168 87369 83277 28000 50543 62835 73077 19845 38279 9608 26002 52635 46492 7591 97709 38318 89519 34228 91573 26039 9660 21969 79319 13784 44508 87523 32232 42477 97785 5650 15898 24124 54845 30277 79433 71244 15950 34393 71260 65117 36447 18018 9831 87663 48756 85625 15994 30329 55287 69272 5795 24230 46776 3785 24267 52940 1741 89815 77555 77566 81680 83743 1824 67359 69422 46899 71484 48958 8002 61252 83784 65353 89929 59213 5967 36688 98128 20308 38743 26465 6000 44913 94067 30585 3968 79751 38792 14218 3988 53141 24471 32671 34720 32676 87974 55212 59320 44985 53178 73659 53179 10176 12226 49095 34760 63432 10200 55258 92136 8168 61418 49129 36845 24562 32759 79869

Library 164 - Books Explored: 19
74503 65930 87950 45840 45852 32816 42422 25021 31167 20680 25033 52812 39244 6369 61295 1906 10995 27259 76796

Library 178 - Books Explored: 145
98304 1033 12302 85519 29712 72721 78872 81433 41500 39454 4650 46635 95277 64578 17481 12362 7247 95825 96340 15444 24664 22109 40543 1119 80482 16484 24174 22126 90224 44146 11903 45187 63620 88198 8327 41613 14477 93325 1681 39060 36500 18581 81562 73372 81054 55458 24227 675 35493 45730 11952 30897 29363 45250 14018 16585 84683 27340 99536 83670 66266 10463 86752 95969 73443 15081 68843 85739 72941 93424 34035 41206 17663 5378 62722 59663 26384 20752 64275 69908 20245 84766 34591 9516 33582 83255 88378 8006 50505 52047 94547 19801 58715 47965 88427 80750 60272 8056 45945 9080 77186 98691 83844 67975 62347 63374 43409 42385 76181 32663 9119 38306 45475 79792 23984 85431 41913 60351 40897 6091 64972 23500 92108 17867 43475 85460 39381 29660 19421 49118 87516 35808 94177 70626 26597 83432 46060 35821 56813 17903 46577 18930 24567 51705 39931

Library 184 - Books Explored: 18
80896 58628 94591 1864 8425 43498 78414 79310 1296 51569 86064 14296 62264 37017 17115 75548 15454 81631

Library 191 - Books Explored: 112
67584 64007 98827 80397 62993 22555 73761 67115 61484 34860 64044 2096 9287 81999 10841 44131 23141 45672 95850 68206 63599 97903 69239 633 2682 89209 87681 57479 54923 4753 26772 18069 3226 8347 75956 46264 36537 72377 78523 37569 87240 20197 66279 10988 78572 15086 6384 5365 88320 49920 64771 84744 37642 48397 4367 69395 16150 59670 50461 60200 76598 92992 8007 87379 34645 91480 34146 22883 29029 7525 35187 43902 86910 36740 32649 40843 85900 2957 29692 94613 24983 92057 97181 14753 97194 58284 41901 17836 92090 49594 96189 62914 3014 52167 22473 20942 31695 47571 18899 34771 7125 35802 27099 4576 52192 33249 80362 9195 62958 75246 3575 73212

Library 202 - Books Explored: 15
5922 88631 22889 54156 78222 20207 85648 77488 14770 92210 54672 37429 8887 37272 31837

Library 209 - Books Explored: 20
94593 78860 71694 53652 9751 20767 49057 15142 79402 55223 91703 1982 68930 73171 2522 53347 27750 83303 1515 36463

Library 233 - Books Explored: 53
75648 13953 20353 83716 83721 88461 63762 10642 84370 16149 7574 6552 95770 89884 47390 26491 72359 28073 73002 24361 67116 34989 25262 23855 68014 50994 65203 61363 95929 49723 26943 1602 12612 17990 60486 77384 18886 67783 48463 39377 44501 48126 71385 82651 14044 72800 69606 76529 61684 72822 28283 29566 49919

Library 239 - Books Explored: 173
49665 90628 87045 7690 95246 34319 78357 13846 76320 16928 33832 51753 65588 59452 2109 71745 77897 17995 43596 83024 55377 43091 25172 94806 87639 18522 46684 33379 77927 20596 2169 21627 66687 39039 7301 35463 90762 2190 6799 14480 83600 34450 82066 7313 64146 53398 22163 10392 6297 54424 20117 75930 31396 27301 73382 33445 71336 85675 7852 7345 57011 6327 70840 72894 67265 6854 35017 32459 18128 46802 70358 58071 18136 97496 23258 70364 16094 7394 738 44778 11507 86773 99063 35576 77052 25349 29962 54547 16659 3861 27939 41254 59182 42799 70958 85294 67377 83758 34100 97081 86841 77119 55104 6464 45890 5954 44866 86848 37193 83786 23884 76112 22865 73555 56147 78678 68954 8028 72544 83808 29027 85349 22891 3951 82804 89972 13183 82816 2433 26496 58240 67972 1926 33161 26506 52620 39823 92048 67475 38807 11677 36765 11171 5542 79784 63400 57779 72120 64954 59323 66492 29117 89021 84928 82369 60867 97737 13259 66514 33235 18388 9175 40411 990 49126 95210 76272 91634 66547 73207 93691 61950 48639

Library 241 - Books Explored: 126
53761 94723 88076 33806 91663 76815 94222 89106 38429 6687 39968 29217 88104 68148 20036 53829 47178 91211 66638 97361 99930 32347 28257 87655 51821 67182 42619 31867 38525 72320 82053 98438 37512 62605 96913 81556 26260 82591 94881 58017 98469 82602 54954 75441 14513 65716 85177 46779 38076 12990 35007 52419 93380 92870 36045 46287 87760 41687 11483 26845 47331 36070 57576 52998 22280 33545 53006 45838 43279 10513 45842 11542 65304 66841 99098 20761 74017 65319 90408 14120 91946 81198 44335 3902 80191 95045 86343 34632 40780 59726 48975 16720 51537 52569 45914 94049 67436 67963 41855 53120 25483 57233 74642 60314 22941 72093 51108 76196 75691 50096 32187 42431 25029 40903 48073 45519 41936 29651 37852 4062 72671 55780 97772 48622 45046 28158

Library 242 - Books Explored: 155
9219 37892 16393 67593 38924 96781 17933 42511 18451 49174 13847 34329 11812 84005 64039 58919 79920 44600 95296 36417 11331 81996 55372 25171 33364 63064 12896 96865 63075 104 78954 34924 69741 56439 98423 33401 6266 27769 15998 17024 94339 71813 61062 98441 59530 34971 65180 23206 36540 37570 3786 60107 53963 69834 78544 15059 81625 20191 18145 84195 15076 71910 12518 92904 43758 5870 66289 24818 30451 30964 90364 93438 65278 12546 47879 23309 77582 14607 35599 15635 1303 4377 90908 91934 61215 53026 29481 77616 12081 92467 69951 64322 84292 67911 15689 38221 47442 88404 36182 86359 88412 53088 26466 45413 33638 65383 45930 96624 85877 32637 33153 70020 55172 59270 93575 49547 54158 53136 61332 41876 20383 49056 26544 41395 64947 33716 38343 23496 26568 40394 90570 29132 74189 54731 14799 64978 22996 92629 97752 16347 5084 80862 481 47075 5609 48619 57836 51691 45038 53231 75252 92149 40948 6136 79359

Library 244 - Books Explored: 174
91137 3586 39943 54791 86539 60433 52241 16407 39456 39460 80420 88106 19500 16431 22063 14398 68161 43589 28742 1094 68678 4680 32844 62036 27220 6741 91735 77908 3674 10332 65116 87648 64609 16482 47715 32869 79976 23147 53869 18029 5745 50292 62584 72317 9343 30848 93831 2701 26255 29846 71322 29850 48796 13980 17566 46246 30886 83115 80048 98481 12979 44725 4280 98490 16061 38081 92358 98503 11473 38098 40662 53464 53465 78042 62170 49368 17634 43746 86755 21220 66792 52460 82159 61167 89839 42749 89854 19198 42753 69380 79111 52492 4364 60695 44844 64815 76594 84787 9016 96575 63297 61764 23881 56142 40783 93010 18264 2392 68442 32607 4451 75109 41832 22378 14188 21357 73588 75127 93049 66938 96124 33151 49024 898 25475 91524 57221 94088 87432 41866 61840 56209 50066 5022 5534 69537 10149 40873 5035 11691 34734 51632 37811 89525 32695 94648 52663 37819 51643 56251 81856 3522 81862 5065 47049 12747 14288 1494 85462 99800 15833 40924 8156 77791 49120 80363 29678 41968 81908 54772 5621 44026 9726 50175

Library 245 - Books Explored: 156
9730 74756 68103 3597 83470 35343 20496 54811 96797 32798 70175 63518 59421 31261 549 76325 86054 29224 74277 10281 13868 84525 38447 16439 96316 27196 16447 41536 36933 91206 1607 47693 99920 3667 59478 26716 33382 43622 2664 65646 48753 5746 51313 66676 47220 86134 17017 53381 74391 81561 92318 90785 67746 71330 22691 15009 9382 12965 43183 10932 12980 5816 26299 13503 4803 28869 45765 22728 203 75984 22225 71891 38106 72923 19164 45280 52449 92387 15588 92394 73964 85229 82157 1267 48385 6405 32533 35094 46873 6426 46887 41259 50478 48434 37171 95547 62275 47428 21316 57673 14669 37198 38733 10580 41827 23908 89445 71018 95595 89965 63343 52598 94595 78724 54149 80779 60306 29075 79254 47002 22943 5024 34209 29088 69539 20389 4521 46507 52141 89006 36783 31152 53165 11706 18372 19909 2502 30664 88524 84944 35792 90582 47577 73177 89568 95713 88035 45548 19948 79856 53234 68085 45047 41467 43516 46078

Library 270 - Books Explored: 88
88576 74754 50184 4626 6677 70680 69666 63524 2608 78897 84027 17993 48714 23120 77400 90714 89179 86118 89190 39018 26220 4206 67696 50815 70789 4247 69790 86712 14534 88779 93899 74447 71376 78547 65263 21231 42234 9985 80138 12043 27919 32018 20773 89894 24362 36141 56114 83771 13122 90953 41292 63319 62807 93537 16742 51046 71528 65900 86382 57718 10104 76676 36230 6025 50059 34701 37783 59295 94115 69551 65455 15795 22453 39363 94668 36300 45005 8141 81875 24020 90074 59867 68063 28643 42472 17385 94703 13816

Library 304 - Books Explored: 184
12291 45063 37386 20491 87052 48141 88589 17421 15380 53270 94744 62490 47131 87583 36384 23587 69671 23079 86569 18472 91690 67632 14898 62004 67644 59454 96325 21062 36426 43595 20563 61527 2648 66650 75363 22124 43629 75887 23664 4208 25717 35450 84602 13436 64136 47245 67736 35993 49818 52380 33439 34975 55455 51874 54437 79017 84142 54447 33455 56497 72370 84149 52407 49338 41658 79551 73409 47809 65222 94919 205 33487 34516 88790 71904 40672 53477 50917 47336 11500 97517 13553 87282 45811 55539 7922 85239 58617 19194 8955 12541 33533 34052 5380 59143 91641 83217 49944 20249 54040 77598 65823 64814 33592 39738 23871 43846 49991 91976 49479 3912 845 79694 39760 27476 77150 81759 53599 30567 40299 28012 80237 36205 48498 83314 2932 5494 1912 67961 26490 35195 92543 58241 1924 62341 81286 32135 92042 84882 93076 41877 67482 64411 54683 18330 90526 7588 45988 42918 76708 19881 19884 35245 41911 88504 85945 97722 65980 39356 53183 89536 68033 56257 48066 40388 31685 89032 91593 56266 59850 19916 968 98762 60368 33752 9180 84958 9182 92644 44522 18922 67566 47091 74745

Library 316 - Books Explored: 71
9600 37633 87682 96259 88578 52101 12678 15368 55689 38922 6539 21900 37133 91004 64904 30606 55697 42129 49042 93847 54039 28442 76573 32542 94497 11938 43944 12078 71985 11698 19065 89781 94774 75062 91318 88757 51259 93756 29628 18495 9794 75078 27335 29640 83915 54607 41167 81105 81878 72918 72022 94807 23895 2137 36348 95325 56828 49629 92513 2659 57317 77926 13679 55024 69617 26226 88947 41591 68985 19578 79996

Library 323 - Books Explored: 10
9352 99786 47949 9361 96146 59922 42483 53175 13880 89470

Library 332 - Books Explored: 70
44291 12165 8838 80396 40205 99086 66448 52625 21778 52499 88468 35473 5526 71191 80024 90258 48401 43795 18461 68766 68007 62760 24360 81447 17193 22443 51117 62457 94639 16423 60593 63409 27059 70580 15925 70013 31542 77116 99260 93117 68799 37187 37060 71492 77638 56522 48973 39805 35021 62033 49041 54355 16728 83800 98779 94685 77534 17375 71646 21089 67038 54767 5233 97781 52982 26489 96378 84988 15869 40702

Library 343 - Books Explored: 90
14341 3596 71693 9741 16404 54298 12321 95270 552 37418 23596 56370 59955 21556 5684 28732 34368 62016 42568 84041 52302 35408 87132 97888 12905 33900 89724 7293 19591 138 93840 89745 79007 25763 55978 62122 87215 26800 17590 51393 34498 81605 29895 88265 17101 57047 7388 99037 43234 83693 32501 59129 50427 73468 96012 83219 53028 27432 44334 97083 81726 99661 59745 79714 74094 9077 61822 11134 12672 69507 19846 66958 64406 1945 49050 83363 21418 11180 61377 74692 15819 8144 12249 31709 3554 64483 29156 39918 32756 18938

Library 350 - Books Explored: 5
48490 50284 88492 31181 11645

Library 366 - Books Explored: 114
59393 8194 82437 42502 25607 73225 29206 87576 15896 12831 68130 88610 99883 89643 22574 1074 50746 27198 71233 24131 28741 42060 88158 89189 47215 97395 90742 73337 90235 91269 74373 21642 62603 16531 5269 86168 43673 10907 18081 98983 70824 22696 62143 7361 80066 46793 56529 55511 94937 2784 54502 87783 72949 38659 22277 98056 20756 53524 79638 58137 36634 18714 11041 38698 4399 80179 65844 89909 58175 60735 46911 71495 58184 3399 97610 76106 40277 16214 81245 99180 39798 74616 88446 51582 86912 15751 34187 40844 92560 57749 51615 27556 80816 20406 68537 72127 59328 16833 54216 65486 90574 51154 89556 86488 71134 29151 20450 49130 42474 50157 39923 62455 80379 54782

Library 387 - Books Explored: 144
4097 46083 73222 21515 61453 99865 7708 81443 1059 91687 42028 4146 28213 52283 73277 72766 61506 78404 73809 1617 89175 7767 23642 99932 30813 6240 8293 52839 76391 46186 56944 88692 44151 2680 66682 46717 50813 7807 62592 75907 41605 90250 99983 1687 75421 76446 12450 99492 55465 35506 95420 66238 65726 69312 18115 13510 61129 47317 16089 38618 14063 76016 24819 66292 29941 69875 37627 48380 42748 64774 20742 77584 53020 78110 45350 18220 62764 47920 24882 27446 38713 33082 20283 57152 16705 80706 56131 95044 75079 61257 38732 30545 33106 82259 35667 21847 50011 23388 89953 4455 47465 51564 7533 72557 72052 80245 96630 53621 85882 21377 39300 55176 17289 19336 25998 78224 98199 40857 11678 9132 55730 18867 65974 8123 72126 98242 67015 36299 39375 27088 38870 57815 74712 69081 28634 64987 33245 80872 3055 21488 55791 72182 58873 73210

Library 388 - Books Explored: 223
7168 13316 66574 8727 80919 75803 87070 15906 45604 35881 46633 22571 79410 46643 75316 30261 23608 92217 62524 52796 75326 99901 79939 579 31811 69191 45640 94279 44619 19023 51285 44631 74327 47705 98907 40030 5727 33375 37477 15469 17008 20080 625 74869 79478 95865 47226 95867 18555 92285 13438 88705 44168 23689 49290 82057 37520 52882 77971 68246 71832 37529 93338 87197 50334 69794 34467 51364 60581 6821 49319 55977 19113 26287 21680 93361 51378 67247 54966 20662 67259 22204 59071 70849 13506 90306 9414 2761 42703 91344 71887 50388 54998 30423 85210 99552 83683 91876 69348 89319 64233 77035 23787 42220 74993 63732 49918 22271 99583 7426 21260 84238 41746 50453 15126 45334 76569 64794 98074 48415 73503 83233 31010 83751 61736 43308 16173 31535 54576 44336 85815 56631 40765 59710 40259 65348 10052 7493 59210 49999 72015 48976 3410 93525 52571 51548 61789 83806 86879 38755 85862 82282 21869 92016 23410 41842 76667 3963 96642 92035 82308 3461 74117 95111 9096 54665 1928 67971 68493 58766 48527 77198 63378 16275 70548 60309 16788 26517 82837 10139 62365 97694 81831 70056 2986 11178 92077 35758 81840 94640 92595 51126 32186 38331 61884 95677 99263 72129 38341 52680 41931 83403 19404 41425 95186 13268 29655 59354 75232 22496 73186 35810 24551 8681 98284 16369 5105 73715 81396 78833 19960 14841 93179

Library 390 - Books Explored: 224
51712 8704 86530 25088 66565 32262 75272 23048 68625 8210 86545 96276 59924 94233 5153 94755 1571 52772 2088 35882 41515 60974 74290 16435 41014 1591 61 47682 13891 46148 85574 48200 52809 585 7241 72268 40525 50254 26188 68688 76370 65618 41558 36952 80986 14940 27743 68706 47204 96357 66151 8808 98422 26236 32904 83593 61065 14988 86668 90766 50319 34449 11922 32403 51859 76438 99486 33951 36511 22174 87200 26273 90788 47786 42154 41136 59061 62648 72891 83647 40128 67777 30915 62661 61126 42186 3789 84688 42194 78035 26325 70876 58079 95456 14561 77536 25827 73439 43238 18662 48360 1769 62700 97518 83697 41714 61170 15606 13048 49403 82684 65280 48388 71438 64272 12560 61714 4894 90399 9504 96548 33061 67366 14636 11054 28976 71988 42292 47932 24893 40764 36671 61768 86344 63818 79691 4939 43345 55635 81752 60254 18787 30564 47460 72550 39784 45929 71530 85353 32621 88944 52593 90995 54132 58739 51070 41856 85377 96130 74626 64391 56711 76173 53646 96144 60817 32146 80788 31126 57239 47512 95129 12700 32669 38816 15777 90530 50595 52646 78758 44967 57256 44971 2476 68013 21419 31151 85425 67510 55225 63932 55740 76734 85951 12736 24002 5572 70088 28617 30667 68558 54223 6607 39888 85969 97242 76764 92126 45534 5088 2529 28131 53732 72163 50663 55785 25578 59883 23021 73201 90098 41465 99324 67071

Library 393 - Books Explored: 207
18433 58370 32257 35843 92679 77832 52747 49169 59921 51224 87578 30239 13856 22049 97313 28707 49191 42535 14892 61487 74289 26164 79932 32830 4671 40511 66113 37449 81997 39504 63569 24148 13397 82009 77916 98397 47709 75360 55907 82020 42597 90727 91242 50801 12402 31351 23677 8831 73344 11909 94341 2699 34957 51345 90259 74388 82068 41111 7834 83102 14498 59042 26276 57510 57511 48297 43695 47792 44719 19634 68787 14512 693 45750 97467 70332 39612 28347 8895 35005 7869 10428 73411 79566 46799 61651 30932 8412 52446 93922 81125 90342 39655 30439 59113 36074 90346 89843 22262 68343 47864 62714 52476 45310 13055 9986 55053 78612 12053 79640 84761 48921 95003 80673 81700 65317 13607 98600 34599 67879 57643 68399 59695 15666 34612 77108 62773 69432 71481 51513 91452 17213 73533 97602 6468 78665 77642 55127 95575 14680 80218 87901 11615 18271 66915 69993 16233 17775 50032 42865 25970 37236 84853 51576 23930 42364 73596 73085 31102 45444 27524 95623 51595 55691 73102 28064 34723 62884 91046 38823 65960 4007 21423 86447 83378 23475 55222 39863 10167 17847 91584 94659 39878 37318 57807 50127 92113 32723 4565 75226 68061 96223 60384 37345 62435 26595 65511 82923 34284 5614 25071 19445 2551 8697 96250 34301 10751

Library 428 - Books Explored: 208
51202 66563 73731 25605 62468 44039 30215 62467 34314 51717 35849 73229 36366 12313 37402 64031 69152 12320 70185 2089 45612 77357 26670 5681 8757 8765 81984 78918 61511 27212 95314 44119 19034 34906 39517 50269 20066 75368 77419 71788 54380 68211 79475 59508 29812 57976 34426 90234 61050 70783 12416 74879 34949 39564 22671 31376 51344 54932 14997 88214 7831 14999 95902 87206 94375 18092 7341 17582 37039 57516 78508 69804 98999 21178 50365 72382 46272 69829 49350 78023 83659 42192 5337 78046 85728 76521 79596 29421 82670 83184 78578 73459 3827 80130 96004 97546 72461 44302 94480 22803 2835 69397 40728 90395 94493 57118 67870 63776 39712 24354 90914 45865 74541 52526 15663 65841 18738 95537 818 63289 52538 86843 43323 93499 37182 71483 39743 46403 57669 76615 82248 63304 99146 34637 44366 69455 5459 77146 58203 91996 33114 76638 65377 91490 17766 64359 67432 12136 37738 62315 37229 54643 89460 60789 17782 21879 85366 71038 41857 43906 48003 67465 37771 94603 68491 98189 16277 38294 65431 74136 66456 84897 79267 95661 65973 38326 98233 11705 82363 32700 37311 89026 93122 56774 82376 47050 37835 27599 90578 10197 32213 46043 14812 18401 91617 69092 37862 66027 56811 72686 89074 47603 61428 6645 54771 57851 12796 76798

Library 443 - Books Explored: 189
97281 7175 10249 22028 86029 29199 69648 16917 60951 2585 93211 82972 68637 6175 79393 83494 24103 47144 94251 43566 72246 28735 49728 85495 8776 20040 95306 77904 8785 65616 10834 33880 87130 8284 57954 86114 12903 69738 32363 84588 27257 70267 17532 62077 56446 646 33416 74385 23699 70804 60051 49302 71318 90776 76950 20124 66717 72862 79006 16545 23204 54436 50342 82087 3240 23208 80555 93362 57523 57019 47805 94909 51392 85698 82114 79048 91336 65738 19657 66254 62673 78038 84703 43233 73957 40167 52459 85745 90357 94966 16632 75001 38140 38141 99580 66813 78082 61698 1287 27405 20238 16655 55060 70428 66847 24864 14111 88866 32543 24359 60712 68394 47405 42797 43821 35121 59697 17204 23354 315 59900 15165 10554 37189 77130 22860 76620 87885 74575 75088 98130 12116 57173 9047 84312 97626 77308 24927 39775 31584 90467 55140 59235 90983 73063 21355 86380 27501 80749 33647 34160 57204 85878 41335 94587 54140 50556 57726 89984 13188 27015 69005 86927 91028 47525 29098 31147 76727 48055 86968 30138 68538 47548 49597 3010 96198 47046 38856 11227 71133 16868 76773 33256 11753 44017 91127 49656 87548 90109

Library 447 - Books Explored: 171
34304 98311 90120 66056 11785 76811 64533 26134 30229 48163 71716 60965 16932 3621 23594 37419 10285 60461 93743 80943 88622 32301 33331 87092 32308 95798 10297 97850 93243 92220 76860 92735 81475 45638 84555 19020 35918 51280 29272 15450 65115 95323 67678 29792 93796 13924 97393 67187 13435 78972 55421 69761 94849 2696 25736 30346 4744 15503 59535 18580 28820 84120 66206 46242 46245 30888 97462 86206 46784 20162 11468 58573 81102 47313 721 29411 72424 53485 73970 60658 9461 90871 66298 42235 51966 23296 32002 65283 43267 15112 78089 60682 2318 21263 64782 16145 4886 46360 16665 15643 62243 18723 84776 20273 36151 42300 36158 53574 64839 9033 4428 26451 15702 33625 24411 86364 26979 66916 9574 88938 85867 45935 71536 53105 7536 61301 8053 40311 52602 63872 15234 43909 31627 2445 47503 80785 48023 62871 50074 923 11163 9118 86942 50080 14760 81835 88496 5557 95157 16311 67513 30137 46010 47545 23485 35777 32195 37830 43469 45530 50141 5085 85472 77804 98798 32239 65519 20465 68084 17398 69113

Library 455 - Books Explored: 147
8707 35336 75274 28682 15884 97295 77338 10271 21024 45611 72749 82478 92720 65591 54332 33350 68686 68175 1105 93777 84051 91733 51290 88669 86132 92278 51318 31865 44156 6274 16516 32389 3717 8840 29332 71317 79014 96937 7339 64172 59052 60079 46261 48823 63672 38591 69827 7875 97990 84166 39624 23238 52426 47324 47326 65251 71396 14563 88291 4842 40170 93420 93930 95470 62193 44794 19708 68353 50437 22791 36619 53516 28942 99610 44318 11039 76067 37674 38703 41777 5428 66876 66370 32067 79173 62797 24911 78685 9573 95078 41837 11632 54129 23923 59256 80259 15239 84360 30089 29183 4492 38288 98195 78740 83862 90007 71576 79864 27543 78747 70558 69026 60836 7599 41394 14772 439 52152 69561 80827 17855 61890 58307 31684 81861 3015 86986 26059 55244 56784 94161 468 68569 78810 71132 97758 25567 69087 98786 47079 4074 66544 94706 26103 51192 62460 9215

Library 466 - Books Explored: 97
97793 10754 80898 19972 28187 87581 43555 47157 68663 33339 13373 91199 56385 31298 5189 97863 30797 87635 81511 78956 26224 91248 76404 85110 66679 78455 23172 65669 93855 63647 76980 57015 36539 11964 19646 57537 64709 80582 55000 56025 94426 76507 4827 32475 59111 22250 56555 17130 83699 99574 72951 92438 4375 91927 96029 24352 14115 26411 17200 89911 9527 4409 46394 60216 99137 17222 13640 77137 69970 93544 37226 64366 87920 75123 85879 29560 43398 6023 30098 15765 73626 99743 80801 67529 79825 59348 48091 81890 69094 67560 91624 41451 89586 13302 38903 92152 1021

Library 472 - Books Explored: 84
32771 39955 91672 64548 33836 15917 83502 77871 93234 23604 80956 44094 21064 88146 7251 63058 97378 86628 29284 30310 59500 4092 24698 15997 32894 62079 61574 45190 8328 60046 41619 2709 89242 33441 9890 31907 44710 58561 18119 15048 29404 81123 38640 76535 44792 7937 90372 44309 80158 16161 71975 73001 63789 61231 15152 96055 77113 24379 48956 26428 92480 44360 99659 95571 57683 73071 56184 66954 55182 54673 89489 48019 14741 29602 38309 52165 41419 45015 47576 13273 81386 23032 74235 97276

Library 476 - Books Explored: 141
86023 50702 34324 51733 30742 52762 58397 1566 5662 65065 58922 68656 6194 13877 97853 29766 33866 55375 41040 26708 18008 1625 40029 93281 41573 97898 98924 78958 85102 84592 54393 13945 31874 49797 64139 13967 10899 98967 668 60066 71335 48812 44211 92852 69301 37046 12470 30904 81596 61632 82116 710 81608 79561 23758 57043 78039 71895 68314 89821 17127 15591 16107 71404 11508 67321 75005 62717 71935 99072 88834 6916 33029 49928 56587 71440 99088 51472 45846 24857 50974 80159 22309 50983 25905 4914 87347 62261 97078 30012 18748 45374 63812 39237 90439 87371 47436 76121 28506 16228 68967 42343 68462 52078 14704 32121 58233 88443 15228 22404 96651 8075 83343 51089 20371 57236 60823 28058 51099 53148 63481 73121 81828 19364 58282 16304 24502 10679 10682 59346 89045 12245 39385 39906 33258 87533 90095 94713 93692 9213 26623

Library 478 - Books Explored: 138
27649 51207 5139 20501 58904 22561 59941 91178 18481 93745 2104 72250 64071 84043 17484 46667 58443 64079 48208 9809 1618 34897 85589 86106 18530 57956 75879 70759 61035 34412 43117 48241 32885 36983 99466 90254 24718 34446 30865 45714 25237 662 15512 51354 10912 70829 38062 49330 17075 20661 67766 68791 20152 42687 58047 85186 84180 10454 13528 10457 35548 75484 96476 16617 36079 52976 86260 65780 48381 16639 2816 6401 19722 45323 61718 95000 69404 74525 79646 58661 55590 88869 50479 17714 4916 3896 2881 3916 61775 6479 86353 51538 4435 25425 74584 88409 29017 56668 49500 3429 9066 29047 24959 24964 903 19335 42889 41887 58272 63904 17315 37295 86963 22963 77750 2490 10174 69055 95682 78281 54735 44497 62419 94676 36310 22999 77785 57309 53225 23018 79853 59374 27634 79346 78323 54773 56822 3067

Library 491 - Books Explored: 28
39303 20490 7826 89491 58006 23588 42790 48942 80815 68400 37810 692 87866 97852 90686 67394 12742 31947 53332 9173 32086 17878 73688 97390 81519 52345 27772 82814

Library 495 - Books Explored: 96
24067 64516 92677 59404 81421 7701 55328 17448 97844 14904 56379 17981 38976 77888 16962 7747 62534 3070 40540 89182 49251 1637 35433 36476 42110 77951 48265 58525 63136 676 58023 23723 95410 7866 21706 94418 33490 41171 99055 53489 7420 36605 48386 99593 69400 80152 29980 79134 41246 90911 20782 53046 1847 96572 63293 25919 36164 87880 77129 75084 57676 73041 89937 62804 59222 77671 33639 20848 50034 45944 30073 53115 40832 31629 72083 85402 26532 43429 57254 87975 69028 29099 60852 73146 87483 5056 64960 55744 92109 43474 74711 10216 47084 95218 93172 16382

Library 506 - Books Explored: 250
87552 13826 56323 60933 6662 26120 87560 97290 82442 35852 47629 31759 87057 11794 96275 81938 42005 46613 5145 48157 17440 45090 97832 72745 10283 16940 32300 49198 3120 39985 19505 85556 12853 88116 60471 52798 23103 57407 97855 80450 52291 15427 2629 38992 87634 50262 91224 57432 73306 52826 77917 46688 12898 4198 39527 74345 21610 6249 6255 12400 26227 27252 43637 76918 61047 22649 56955 84092 69758 78975 12420 77957 66183 52873 41610 52363 19596 28301 51339 2194 35476 58517 42135 93336 60057 76442 667 25243 2206 12960 46753 28835 42148 678 84649 48810 72368 55986 60598 51383 3254 9399 97981 46270 8893 39614 74949 75463 15559 8393 27339 25294 65743 5842 72403 19156 93914 65755 58077 83677 31455 86237 15586 81638 93414 230 48873 84202 7915 96492 64237 90353 27378 2805 27382 34041 41209 94459 71417 85757 99070 55547 72960 76550 34055 71437 98575 5392 87825 78610 18198 80154 81692 48928 58146 33571 44322 58662 1837 66352 36148 66360 45371 58683 71997 98619 44025 87362 66371 29506 60227 78662 87878 55112 50508 15189 50518 34133 20824 90458 35165 29534 34144 24417 8035 84836 24934 39271 51047 90985 47978 23915 89967 97649 59249 50550 82806 84854 62329 41338 17786 98684 35198 72577 99202 62340 56709 56710 53125 53637 81802 2450 64918 33174 84374 13210 79260 7075 18345 13738 12206 86449 12210 12211 95668 27577 85433 66491 84410 5568 9154 79307 65484 96721 75218 11730 43484 73183 69600 41951 86496 9705 27116 67056 90611 58357 1525 96249 66554 80383

Library 522 - Books Explored: 228
15875 49668 1028 84998 87559 25608 10250 66570 11277 91667 533 7703 74777 61467 34333 94238 58911 79392 25632 59938 44579 87587 11813 14885 59935 14889 91691 13359 30769 16947 97332 30774 96313 50747 68155 5183 84545 91717 47685 35402 11339 29260 67660 45137 83033 79449 18521 6236 47197 78428 11867 6754 66146 28260 2148 49774 93812 30839 58492 82045 59006 27264 85122 86148 93318 54921 65675 14476 57484 10891 41107 94869 42645 16023 39577 22171 30366 46756 15013 60585 93354 171 91824 6836 28856 25274 15549 67262 48323 67781 2249 85710 40146 82643 44754 83668 3286 21207 35547 66780 29403 50397 9440 77537 63713 20709 40678 20710 88296 87785 91370 59115 47852 73453 41707 751 48361 42737 34546 15607 67320 69369 93943 84734 13062 55560 24333 99597 33044 86294 8472 67355 94492 25884 60190 1311 56096 25382 2343 81703 40231 35116 25910 78648 50491 76095 91967 64834 18754 87875 85829 24902 68937 79692 52558 65870 8016 31057 53591 59224 89433 61274 10075 48983 3933 43866 73055 71010 77310 7024 33141 45432 93560 89976 95100 95615 17280 71553 390 2951 30090 1932 45971 65940 84372 5528 12188 82844 28572 85924 53672 72619 48043 64942 11697 74162 48564 36276 74678 98232 53691 1470 60354 29125 14846 74184 96714 17354 18892 32212 12759 67543 48090 6107 20954 74714 92638 89055 3040 9697 6630 14823 94185 28654 98805 16886 70133 49150

Library 536 - Books Explored: 144
69123 6659 45581 86033 67602 72209 6169 40476 77853 3102 75815 76839 1064 59947 71725 41007 7728 61489 73778 63549 87102 53823 95808 59971 54340 42564 67655 64587 27726 70736 7760 80466 30803 14420 32864 69221 71272 18536 77417 78447 93297 43634 25722 73850 19075 10372 62087 85127 99975 39562 12429 86158 71312 87187 81558 97946 85666 12962 16550 33977 67770 37052 63165 23742 5828 70346 18638 1749 43221 78559 1760 20706 1764 49896 744 64242 31988 37110 74490 40703 46347 68377 10015 13092 41766 60201 22826 90409 95018 49967 30010 27642 15690 98123 2892 1356 53068 81746 32596 97631 54115 54631 47979 7535 88433 35698 4470 63350 74619 5500 8580 74630 54155 22925 37262 82831 55700 35736 88476 76198 86953 92602 91578 25533 54209 33733 78797 37846 11225 51679 12772 16362 1516 4078 66031 36847 2544 9710 31223 9720 40954 51707 86524 40447

Library 543 - Books Explored: 41
55936 78849 89347 26245 41991 86666 76558 43535 97167 18193 11025 49937 42390 67358 74405 38055 69160 50603 62895 86194 81715 31796 80056 15418 25787 78396 7484 89146 65598 71366 85452 39501 96475 13407 98912 95076 19175 14828 1263 38908 73725

Library 565 - Books Explored: 24
11011 96649 15498 82707 99859 54181 23335 55720 44973 47926 59448 46138 68289 28502 11480 7647 86886 77673 73215 49006 9327 17779 18298 81791

Library 566 - Books Explored: 215
31234 40963 2562 27138 86022 21511 89095 48137 10252 94733 34835 80915 44570 65566 82463 93222 68134 10795 76846 80431 17968 93751 49209 81981 30784 62017 46658 92224 48711 85576 90698 87115 88139 64084 71764 37463 58455 86104 53337 94815 39523 52841 25196 51309 55920 68212 52344 14459 81532 8829 7294 31871 75390 82565 83077 3721 34962 55955 97940 91797 32918 86163 74904 93334 55965 6814 39586 10914 70821 26796 4269 21166 25775 36530 34484 61622 23224 7865 59066 50364 65214 8392 90315 59085 91343 32469 97495 5854 99039 79072 26337 89825 92906 13036 13037 43760 55025 67314 94965 67835 89339 17664 13058 57091 42756 17155 63239 47370 17162 36108 71949 17678 89359 71953 60690 54034 13588 14613 33046 12567 11029 43804 77085 35619 16165 38700 11568 12082 78644 14134 83768 81209 71482 76602 1340 80697 83262 64831 41275 32065 15174 45383 53576 74061 31570 79702 93532 57183 84832 29537 74083 86373 37734 37223 75113 10603 83308 79723 68975 53615 23414 86903 4985 12157 75134 12161 52612 17797 904 67466 23438 912 84881 33170 39313 72086 45976 76704 80289 85408 61347 79782 73131 45995 41392 35763 98228 53685 70584 38845 16318 49086 70079 79809 53186 967 41416 51660 64974 71632 78805 62935 34779 89054 17376 44515 62445 54256 48112 79347 4596 29173 79350 78842 61947

Library 569 - Books Explored: 118
58887 98824 9234 16923 18973 82977 59945 66091 4652 8237 39483 31805 8269 10830 20575 70244 78437 43112 67179 48750 88699 84093 51841 83075 20099 72330 26261 58522 86179 81065 40106 58028 39089 18108 6851 31941 5830 99527 30414 10446 75480 32990 4841 65261 20719 43761 62196 39669 11004 41726 92415 8448 61188 11013 44814 25879 48924 95517 99108 5413 31525 50985 23342 52527 17710 16689 70450 7483 15677 22338 89416 50000 46424 53084 64860 94570 92010 15724 56682 4973 31087 5489 60791 80250 7036 82819 78220 67471 50580 38809 89501 92574 57757 27039 72104 94123 47028 2996 40889 45502 44991 93632 47553 46018 80323 59331 49600 61904 72663 81885 22494 31712 35812 71141 34282 20977 2548 25078

Library 575 - Books Explored: 147
39936 23552 85506 96771 35845 9734 53771 21005 97806 57871 75284 25109 35351 50201 57380 16422 88103 63532 98861 58926 18478 84527 14381 54321 89139 73270 55873 52295 68681 37455 5716 61018 95322 71258 30815 23140 9323 20591 62078 17535 79494 95366 47757 69776 85649 54422 19097 19610 29853 89759 64161 85154 52396 48301 78000 31926 55994 11453 6849 29379 97480 75468 1231 25304 46301 68834 22755 3812 44777 22252 71918 68335 45298 41717 14584 63232 31495 25864 92939 65291 11023 8976 64787 40225 7465 73524 13622 71478 38200 33084 54081 91460 60234 28490 95564 11601 18266 27483 89948 92510 87397 43879 69992 52073 13676 63340 81777 59255 34680 3453 7553 62342 50567 32137 83337 37259 3981 11151 79759 27026 39315 62866 39835 54178 14757 16296 45993 10154 99756 71601 84913 98739 51645 56254 63934 11203 29649 50132 57817 22497 4584 25576 59376 43505 61426 48630 83449

Library 589 - Books Explored: 248
66048 75264 35334 16394 37387 69134 59406 98320 80916 57366 31254 99351 34843 63004 40989 32802 53797 34344 50217 91183 25650 10290 85554 39478 53303 30777 37946 25147 33851 70208 66118 70215 88652 64590 37967 86609 78930 46678 6743 90200 32345 64602 4698 85081 97372 46694 26726 4200 70761 31850 31851 5228 57454 56431 70766 77426 39026 82038 77942 55928 94841 8825 122 30349 94334 56958 23168 70277 11910 15494 4745 24202 95370 44684 2697 95374 35471 55435 56973 31890 19602 6292 74895 50838 32912 94360 8346 29856 25761 90273 69796 76965 42150 8365 33453 1713 87732 54453 20150 89270 25273 64698 26814 52930 25797 5831 86215 80585 31946 46283 89292 89288 37076 69332 36564 13529 92377 98009 28380 87774 45791 55522 88292 86756 88805 49895 6892 39151 51955 26355 57590 27896 8441 34555 24836 4358 87817 14602 96010 99599 83216 71441 5394 19219 14108 1309 39710 82720 21280 17184 96546 39716 40739 11558 89384 12075 80172 37677 3372 64304 89393 45364 1338 73530 19258 91453 55101 17210 89920 10561 26432 37701 63813 49481 57674 94027 10060 96078 80723 41815 23896 7514 73050 15197 85855 84320 88932 42854 78182 16232 872 93034 68456 15726 80240 27504 95602 69490 6004 65908 84340 87414 74098 72057 64380 66436 96648 93577 6538 61835 43914 29578 20362 4491 79763 15254 22426 12187 64925 74655 28066 73123 10155 33711 99248 53690 58812 18364 77767 69578 22986 58325 7638 70614 85978 31707 99804 22490 20960 36834 97254 16872 5096 63980 88561 79353 91130 42491

Library 594 - Books Explored: 94
33281 18435 2056 19985 1044 68628 9249 22570 95794 27713 25665 577 84554 43083 5198 26190 31822 51793 31825 6742 55393 69732 76390 27240 85100 84603 73341 33920 16002 50310 52881 32404 43164 1191 67752 53932 20665 53437 71357 88765 59595 39631 95445 92386 46308 40680 13035 39665 4342 47866 92411 54529 97028 42757 78613 58366 45335 90394 25883 61221 78128 90930 94024 1866 13146 99165 65385 12662 87421 34178 19848 94601 14220 12184 66465 69038 48571 8130 33224 50126 64464 98774 31703 34264 33243 38878 67039 98273 5602 43491 3048 99305 40445 19454

Library 597 - Books Explored: 43
57731 46724 66809 33413 55301 3340 99596 92308 26017 58019 7204 15018 94890 17965 70830 44468 60990 39241 36811 15948 74700 4688 71762 47699 83796 82006 2647 15703 76888 31319 28508 89822 89312 83048 30702 3823 881 1137 84088 10745 42106 1148 76542

Library 600 - Books Explored: 45
52610 67205 1679 31381 56601 55451 39068 92450 68519 4653 97965 98868 92725 88760 54970 75578 31546 96187 76474 84799 37437 5569 91083 14412 52815 76244 10326 32215 21464 39644 13406 59493 75878 358 3178 39787 94956 37101 53999 98418 87795 26228 8438 46072 56318

Library 602 - Books Explored: 211
74753 4612 60420 6661 24072 49161 95251 97812 85524 61979 46620 82464 97315 76324 72231 51755 69677 73275 62530 78406 68169 23113 98889 60495 71254 16984 37978 8798 21088 13410 25699 77416 97897 28266 38507 55915 31341 60014 13933 45163 30318 29293 49261 77420 91765 49270 86135 61048 94331 52865 84611 6791 72845 12431 65683 32916 39574 78999 37530 28316 94369 88739 53923 75429 166 60071 27816 88233 8362 59051 88059 56498 56499 42675 70323 28339 55804 92349 55999 48322 59076 84168 70857 84684 21197 27854 72911 26320 69330 47827 60116 22741 25305 64731 73950 44255 24806 25833 52458 24306 96419 48377 77060 12549 68357 21255 1803 92942 80149 1815 88856 35099 31006 54046 95519 75555 54055 77609 37161 77103 59184 49972 20278 54582 80698 11068 38211 48452 90444 76108 96588 30544 56144 68946 10068 46932 78680 31065 13145 18779 62810 88926 33121 23394 17762 63844 81764 76648 63849 89448 18287 77167 15218 31605 96635 35707 81281 59266 10120 86922 25485 73109 40342 38298 24992 35234 52131 15267 72102 36266 38826 54700 93101 18861 39857 31668 1975 37305 6074 13754 52666 445 93630 65983 26052 39367 15305 457 10188 61389 13262 54732 11215 49107 39387 71644 58333 1504 28649 15849 17387 85484 56300 34288 61937 63478 13815 73206 30201 98299 33788

Library 607 - Books Explored: 221
78337 69635 98310 90133 80406 85530 50717 79904 31266 1576 553 77866 31784 40490 47661 30766 5167 12847 78384 2610 52267 30260 70711 5175 31290 45118 52800 31809 27715 37956 86085 90691 27210 36345 64591 31311 32860 83036 34913 27236 53862 69222 24171 13421 34929 30322 6262 33399 44668 33404 17022 29820 68736 27784 23177 17034 16524 23183 29331 46230 151 60571 12956 24219 80032 40097 22179 27811 2728 85674 13994 53938 18612 34997 46263 87223 38585 43706 61626 33465 79034 6334 24768 67780 31433 7370 84175 61648 53970 42707 16599 16088 93401 4316 83676 91356 736 23777 50914 35043 13543 31981 35569 73460 91381 52470 61176 43257 764 92928 4355 81158 51975 30471 36617 86286 57103 46352 84241 32530 58131 66322 47381 72981 6930 36122 69403 96540 66845 66843 55068 83235 40741 57132 84272 11569 36661 76091 97086 34113 2369 57156 29508 32586 15178 61771 31565 77646 83279 70987 5464 35673 7515 50017 83810 74599 58729 79721 93548 19821 37742 18294 75639 32635 95105 20354 94594 47490 51589 52613 78726 94600 54153 7050 1416 38796 5516 22414 64911 13711 33681 82324 63894 84886 16279 33693 7070 60831 416 63906 53155 60840 23464 89000 31146 71596 57776 71088 40882 70073 87485 70589 61889 6081 82371 15815 88527 28629 88021 5591 46551 27613 18397 95199 9698 60901 87528 41461 86520 38905 17915

Library 626 - Books Explored: 126
27136 58369 26112 17921 52741 11781 19975 52246 75799 37401 87069 43040 63009 15930 84048 91220 94809 63579 69215 66657 76385 84065 24168 46699 31852 58994 82555 18556 95869 44669 80511 10367 8833 22148 68748 4748 85134 13969 42137 10398 63137 92325 91814 72361 7851 11949 32942 86710 81088 80595 48856 68832 64227 46317 43757 39666 33010 9465 7936 772 92420 42250 8459 49425 58143 6435 52528 819 22326 39736 41786 44865 14665 79178 79693 14670 52048 82771 53076 83286 42851 6503 32617 38762 69999 27509 65402 80261 59277 9617 36757 1943 68504 73624 31133 8611 15273 59822 5552 97202 89014 90041 91066 79802 83391 49601 69059 34759 52173 9681 30679 27095 31196 5598 58339 9190 42985 12266 97259 24043 31722 86000 58871 63995 70653 41983

Library 630 - Books Explored: 114
29185 93697 67078 59400 15880 48138 23564 67090 29208 79385 37912 24623 98373 5191 15954 41556 23637 13914 25698 46181 94315 95341 6774 52860 34429 91261 39047 84620 58509 49305 75418 88223 85665 22184 93356 64177 89267 31924 696 16057 98511 5850 32478 4834 17635 68838 31980 71405 88815 53488 20211 54515 87800 23809 19713 15109 11528 272 71442 75031 34601 298 1329 68915 71992 47930 24894 36673 14666 77647 97616 67409 47447 72536 47960 93022 66399 12647 2928 51570 91514 31099 21885 15240 1930 47499 75148 71570 75160 11165 83870 6049 56742 93097 51118 20403 2484 51125 85441 65985 48069 66513 41426 29653 44502 13781 82404 79848 63466 78826 88046 16880 97782 99325

Library 646 - Books Explored: 96
57857 48646 74248 40463 92687 88614 33319 95276 11317 97848 65095 91218 12890 45670 82024 39019 66155 71288 63609 83064 641 35458 76420 66709 65688 75417 60058 74908 82592 51365 78505 29372 84156 42180 17100 57552 98002 24792 80610 28902 69873 37628 97532 84753 36116 31511 36642 80683 22316 32558 61743 97071 44340 34625 51010 8515 23373 12628 92508 18272 59750 10096 54641 38264 14722 24966 98695 28553 20877 80272 28049 65437 97693 50589 98209 89003 6574 46000 49584 60855 67007 16323 37325 32719 27609 36826 38364 54753 10211 59364 76264 78318 24054 83452 58365 66047

Library 650 - Books Explored: 36
45322 44300 36372 81173 92437 46874 71454 94883 66341 65958 85417 24753 74036 45237 13111 32445 56765 4545 25669 59082 32079 59599 68178 49235 2776 46812 58467 12388 30188 16622 49905 17269 95608 97274 99196 84350

Library 653 - Books Explored: 152
55298 25093 31750 54279 5642 67597 16909 84495 33297 44563 58388 47126 28186 65051 57374 25120 80425 69162 99382 572 25664 65604 58949 40005 6730 59978 48716 80981 12887 44642 31335 7271 90735 68208 36978 82551 43640 53885 33919 42625 47235 20611 36998 40588 20114 84643 84131 80038 66214 87720 44713 57519 61618 67762 33458 93883 26811 29885 59591 92362 58577 5847 37080 14041 24795 60640 74978 44774 36587 9454 14067 7411 29430 45304 33017 31992 21243 28415 73984 17152 87298 74499 18695 68364 89871 90897 53011 68375 84781 18224 68914 61756 41281 49491 64340 67413 83795 57175 62811 25947 38237 5476 17764 99188 21367 80760 377 42367 22912 46977 13699 99206 56714 42894 6031 41362 14226 93592 83865 52121 54168 34717 15264 34722 95142 75177 84909 30640 1968 50611 3517 43454 86462 81853 30665 9674 49613 73167 979 59353 49116 80860 96732 84960 66029 35823 7151 71665 50675 13818 47100 69631

Library 665 - Books Explored: 62
74882 41346 89351 41607 30860 80658 94611 76053 75543 791 63898 88475 67227 19228 9763 53540 83236 14756 81833 53802 39469 17455 54067 41012 66485 83765 68919 49082 15296 32705 56647 47048 52813 89039 25296 7377 90194 84435 42967 53849 24026 32219 26458 64862 74463 62179 97891 94695 74985 83818 5866 93934 6256 53106 86259 65650 54900 52341 20602 67579 2172 10238

Library 669 - Books Explored: 95
34818 29708 57877 36887 43548 26654 18977 90659 43577 7227 14403 1092 37960 37966 60506 56930 5220 34423 39034 28801 43140 90758 19082 13964 73356 71311 89746 10386 45216 70311 12468 44724 86202 38587 33980 56509 59073 54995 99540 1235 87257 63714 39656 34033 97526 15100 85247 80131 72452 26887 16136 96536 99104 58658 92965 39206 93484 40751 52531 25907 72512 69441 61763 62787 78154 13643 10571 83787 72526 50509 66906 35679 46437 45933 3438 92015 8062 85376 24455 37257 57741 86936 40859 76192 68518 43951 76218 17864 42958 56809 6634 70123 23535 53243 14334

Library 676 - Books Explored: 65
35072 25857 87810 39682 8071 12552 17033 38160 63634 67346 16020 27028 24216 52634 16028 63645 40349 21789 92832 12832 24225 86437 33830 11433 63919 59696 55218 39603 67125 84150 30264 52089 78906 54714 31293 67773 79040 66882 69570 2248 40778 16972 18513 49108 8793 94042 62427 54874 89823 68321 25570 76131 39396 29539 40425 47594 24689 64882 83443 95220 96628 10357 74489 59130 97278

Library 687 - Books Explored: 92
99844 87046 78344 96268 97303 20520 29225 25138 94788 94286 35409 44114 26711 93273 18011 92765 65120 1642 73323 44142 77937 9845 74875 5251 34435 84617 96911 75409 98456 87704 67228 59037 10402 8363 75440 24253 91326 11994 64218 86751 70370 4326 98023 28908 45805 10482 76532 77055 52997 18702 5395 37141 1325 12595 10550 90939 72000 98635 24908 3920 58704 54610 68952 32603 14175 79715 45412 29032 5481 68971 93695 19312 19317 85385 57241 76719 49072 41906 57778 56759 62907 65469 20940 16858 11233 66021 26085 57833 64489 84979 61941 89087

Library 690 - Books Explored: 104
61961 9226 60425 86547 56348 56867 31781 5160 36392 47145 93748 51769 2618 93241 80959 42563 8775 14408 45127 13390 34896 62041 37480 56937 81526 99961 25729 32898 41091 66694 73351 30856 18060 58009 96414 89247 34466 2211 21669 32934 56489 26795 33973 86711 86714 25285 86731 29394 9433 237 85241 2826 50954 80165 57130 89388 55088 98609 27442 95542 4925 2375 56657 23893 65889 98147 57699 78692 63334 79207 95085 18292 15740 3967 19334 29073 44950 93080 27033 11680 99752 64939 32175 75699 90548 95669 69043 80821 39874 56264 14284 90066 80853 59864 22492 18915 19940 18417 99313 24563 80371 31729 96252 71165

Library 693 - Books Explored: 79
11274 67100 63517 55840 72737 82467 52773 53292 18992 24630 83019 89166 7759 97872 96339 14419 29783 45657 57948 39014 99440 45693 71811 66184 16018 36504 58524 45726 48289 67235 30376 80054 72888 57020 39625 20687 2796 70382 99576 98041 36607 75524 42767 75027 26917 95531 38194 77621 90427 68415 22335 96585 87370 33616 15185 83289 63838 48479 13155 14183 95614 88959 93057 50052 14217 85916 88479 43430 52137 69547 70576 44480 21965 56789 74224 71666 65523 39419 94205

Library 708 - Books Explored: 195
57347 59909 9222 13830 34310 61449 77318 87049 4108 26119 24586 43028 59413 83479 48667 47645 63523 58917 66601 73258 48683 93740 32306 47159 94778 1595 44092 78908 55870 8250 88128 44099 98887 59977 91210 72270 14928 70738 77907 2644 59988 56406 53340 97887 8288 16994 52328 12908 10350 75375 94833 24185 35452 86143 23169 75908 79492 89735 81037 64655 85647 86161 29333 20118 51351 91800 37538 45220 95400 70322 40626 68789 24760 3770 94396 65216 86727 26825 91852 74448 53457 14548 26840 90329 19672 71899 38620 2781 7902 42200 83688 19690 23276 50927 25331 98036 79095 86264 60669 12030 86783 5375 52482 50948 97543 98567 38151 99594 94474 50965 52502 53021 68388 64293 46372 1319 40743 69421 41263 21807 88369 81714 26930 53557 9531 34628 88902 75083 81230 81743 37713 29523 44886 10076 26973 41310 97120 79713 62820 84324 81255 31081 49514 98155 39274 32110 92020 45433 38780 92545 6024 43915 27020 85899 98188 54676 48532 25495 2457 46490 31134 22431 80290 18340 67495 84903 90025 77223 51115 1456 65458 18868 10164 11191 72632 74171 74176 90561 16834 41413 36806 12232 63945 90569 66508 41421 15826 10201 31714 74733 40432 4082 35317 70142 49151

Library 709 - Books Explored: 57
24331 57612 94477 19981 42895 9616 30994 45203 12693 34198 56861 7330 12194 93988 48803 96047 26673 65074 77236 71612 93373 12477 5950 41668 36166 57032 69324 82000 34770 58966 71128 97625 93146 56795 73945 77275 6750 93791 59359 64866 43362 28900 56549 89828 3943 47332 47849 93290 88170 25835 495 42866 11634 9074 98293 3576 98556

Library 715 - Books Explored: 88
47617 27650 54276 33291 68622 3599 14866 2066 52243 15381 61462 52248 20505 2074 88611 55339 50226 16946 47667 33846 27710 73794 94284 32342 8792 43611 76384 70752 22119 45674 18545 45198 18064 2195 95385 69786 75935 78495 51873 92836 9380 2216 62129 95415 29888 23747 50886 37596 82141 98014 3295 94948 27877 76520 53994 1790 99074 32003 89877 33559 48923 99615 297 26413 27950 60742 83783 68935 79696 92499 40793 60282 85380 11149 65955 56234 73145 4029 94145 97735 10196 68052 51670 30168 56796 30693 83966 41471

Library 717 - Books Explored: 120
27141 38918 35338 40980 14356 89623 20509 80415 54818 18981 5671 85045 49719 1598 97343 39506 11862 42590 16991 69216 74339 83045 31339 84591 68207 53361 65652 27764 25207 89721 60541 28285 15488 97930 85643 80522 17037 66195 88212 40084 11422 9899 80043 63154 95923 38580 71871 81602 92866 13512 44745 66253 76493 7891 62172 7400 46313 18160 21233 46840 65275 31484 7935 65282 9475 67846 98568 82200 32026 51997 6429 85278 96547 15665 94515 9526 45881 44858 70973 2366 70466 81740 36689 99158 9051 97633 76642 61795 13162 73581 1390 21360 23415 94090 94612 42907 84382 1950 26019 48560 7088 5042 86452 43957 25531 54207 32207 49110 81879 3037 33758 28129 73699 27621 34278 60393 40428 89582 67059 25080

Library 736 - Books Explored: 56
12419 13827 69637 11139 10631 80519 27019 51211 94220 24843 54799 97294 26895 17420 37388 33431 78360 21272 90148 64037 70567 32168 22700 49457 17586 75191 67511 36921 14267 4795 20416 74182 58055 21452 61303 42193 90198 26710 11736 16859 27101 68318 20704 82272 57314 72162 7136 66539 46443 76525 30446 40556 4983 75513 57340 66301

Library 772 - Books Explored: 45
75136 20866 26627 11399 87304 30984 27912 5131 89612 19847 53518 23184 23322 8356 78252 65453 60849 83126 10426 32571 69564 28220 4284 20158 27463 67017 330 50893 74321 95701 25176 83802 35807 56163 44773 39400 72168 88554 13034 45036 83057 25586 92406 80766 4607

Library 773 - Books Explored: 18
7968 19202 54972 37925 34359 26503 39017 20171 19223 86443 42768 44241 50449 82775 79867 79964 13853 22686

Library 779 - Books Explored: 196
89091 60424 48139 80908 6157 8722 32276 96277 54293 45592 45085 45598 93217 99874 85539 31270 99880 14890 89644 20012 9266 20530 55860 54326 45623 24632 29755 51781 61509 67657 74827 29263 94802 82003 4183 86622 64607 85600 13414 17000 75373 82541 26736 99441 2677 29303 85113 9340 63621 41098 38026 40077 25229 30861 98961 76946 51347 87700 37526 44186 90783 55291 25768 27817 74930 30900 30395 17595 69826 96455 23754 88778 86218 95947 49366 57558 63706 41690 49885 1761 6371 57066 59633 62198 57081 3835 91902 95489 39171 71428 93448 8456 48394 25355 9484 270 88335 24847 35600 38162 3351 1304 91929 79642 13600 22820 97580 45360 79666 85812 25396 91450 13626 96570 46909 23873 68931 48964 35654 22868 32597 77140 99160 42330 22877 94557 76639 86880 19293 15203 52067 11626 51051 34156 19307 78186 66422 59767 26999 24445 9092 17285 44420 1925 42377 95628 86926 14223 406 88474 1436 93597 61854 10654 14749 96674 83880 23977 56242 94131 90035 32178 64439 40894 78784 43969 16324 92618 50634 85963 61901 50637 63434 81872 26066 57299 23508 17365 86998 984 58330 9179 78300 20957 39401 81897 71147 26091 16365 69610 23025 69107 69108 47611 31228 2047

Library 793 - Books Explored: 73
72833 35588 24965 7558 28295 6278 51081 29065 98699 44683 30344 10894 916 30869 37528 13465 89496 66844 12957 23326 3359 98722 19362 67875 37 294 93223 58791 8617 41386 1323 65707 54445 12709 71472 72881 34225 97971 25781 23097 48955 63677 77245 14143 66504 44361 71624 59466 51411 87891 12885 18391 57816 53209 94553 69851 478 53344 49273 70883 39142 89062 91110 21993 33641 98026 60786 26101 55413 69367 7929 57723 11389

Library 795 - Books Explored: 56
84741 95367 92936 8841 51083 95890 20372 57108 86676 88090 283 3618 97065 79276 33071 75056 62384 24628 21940 12724 65336 95032 14264 80062 89279 69573 58439 21576 23112 74826 33996 99149 72574 47700 8276 24281 20953 33885 51167 78816 40161 37088 81533 43366 27756 45550 94193 77682 49267 67316 18421 29049 2042 8701 42750 28031

Library 798 - Books Explored: 104
89090 73220 58373 43530 10764 66580 77849 5154 85559 45122 40002 54855 74828 96854 84056 5724 67685 79464 30830 45683 67722 91278 37524 90773 84118 10399 26786 45230 95408 2227 59064 11457 21701 38599 9423 43219 38611 17110 75992 74457 92894 10984 87787 3312 27892 96506 82170 9467 99077 776 98569 15626 72460 99089 68892 20770 81187 99636 42295 10044 12095 1357 98653 54112 97122 87908 92008 56168 31595 34159 80751 28020 41847 99707 7035 37247 96131 86409 1929 41873 38803 15769 27548 53670 14761 41385 2477 21938 83907 59333 35271 96719 88016 13265 57296 28626 48598 5597 36835 10218 27115 81387 20466 55794

Library 805 - Books Explored: 26
57474 35210 73877 76057 23450 46110 10663 59694 15918 77746 50354 3255 75580 8638 51909 24266 75594 64854 43353 75610 7012 6257 41458 68978 10100 69112

Library 808 - Books Explored: 89
83983 15892 53786 93726 40482 41000 75824 88630 53305 36925 48193 51778 3651 57924 40515 98886 15941 25154 10827 18003 21084 97379 45157 24166 26727 79473 57457 77944 30339 99463 85140 51862 37025 50856 31405 85167 43697 28338 89789 38086 26311 62669 35534 23768 16603 31452 24804 19185 43765 16636 59149 74005 69398 32559 98099 8500 97589 323 35655 11080 10057 41813 61785 22873 48989 13663 79719 57708 10106 81282 21383 6038 59291 16800 12193 74152 80818 86967 6078 60359 38866 86995 56279 69082 73185 49121 34790 38380 82928

Library 813 - Books Explored: 160
37889 34821 41990 63493 9740 99855 48659 61464 19997 99870 1570 25123 67106 5157 73764 6184 21033 13865 20009 77869 21050 58941 31296 36932 42057 41045 52310 45654 21079 604 68709 57452 97900 95856 7805 51326 84607 31873 63106 70786 89733 44678 53385 24719 60559 30864 53908 29845 24213 83097 66713 91804 27293 94365 88227 43175 58535 53418 66735 27826 32438 21177 96444 54974 64190 28874 35535 84689 88275 21718 20184 86747 18148 84713 56554 87798 85750 35065 94971 252 1279 59652 47365 19719 77583 34064 33553 22299 11046 32048 8497 72499 75571 84792 87867 72511 56640 22341 96583 42824 56137 22350 82255 59728 74577 82768 39769 58204 38751 67940 98664 33648 37745 85362 68983 55160 65401 92030 54144 20358 20875 69009 87953 93588 94101 65942 55194 63386 39836 12195 79268 31145 96682 26539 59820 89517 54706 23481 41915 50108 55741 13758 39362 12744 88523 99787 81870 59858 66002 69079 2526 52703 19424 42475 88044 16374 4600 59901 43006 87039

Library 844 - Books Explored: 198
85507 86541 88597 22042 89629 82975 75296 51748 75304 79400 91185 38449 7739 53820 31295 99909 17477 25162 13388 47692 67664 69713 19536 9300 95317 92758 38490 83037 80992 31328 27748 96869 74855 84071 13932 58990 72815 32367 17526 28286 98434 23171 99971 32901 47238 61067 87696 88725 73367 26780 34973 88229 44198 50854 17064 90280 39081 63659 3758 55984 38066 31922 11444 51894 74938 6331 188 38078 71358 2756 70859 19664 73427 54997 25813 60122 40157 46302 97506 3815 28906 81134 44786 81654 15096 70905 86266 63740 77569 78085 5383 96521 20236 93453 51983 13586 87315 94485 26391 8474 15646 87328 54049 63778 71968 8995 60709 67367 50988 38190 70972 36669 28991 66880 19781 12614 80719 24919 25432 55133 61278 90976 39264 16741 64872 13673 64877 47985 43890 15731 74100 37240 82298 94077 40830 7039 35717 94087 34186 63371 36234 86412 26508 27024 8081 37777 33683 72595 43925 29078 14229 45465 4507 61857 48546 57761 18337 65445 13734 6571 16301 99760 20402 99768 444 58302 69056 50113 14275 58310 55240 94665 61897 63435 78291 30171 67551 54752 26592 56801 63971 14305 73696 71654 1000 32233 68077 21486 43503 96752 83439 88562 61424 99318 30710 83958 65530 14843

Library 848 - Books Explored: 167
31239 65546 85004 33809 91665 73236 28694 80924 10274 12323 54309 61483 12333 48173 24110 50225 48178 36406 45624 74302 67137 63553 69187 66626 19014 42570 46156 24142 86094 55376 74834 91743 66144 20585 18538 58478 51314 69747 15476 29811 12407 79485 3198 53377 87683 27781 23687 4238 62611 75413 27286 28824 75422 15518 69282 3238 29865 59561 99501 94383 61617 65714 36531 79538 26296 58559 1215 76481 56000 5316 73209 10958 63183 3794 52949 10455 58073 66781 8925 38624 12004 86244 9959 85737 18670 53491 78597 42249 37647 2320 16657 63250 80659 43799 29978 6940 81693 11036 84255 17181 10019 58149 16677 52529 44338 61244 6984 96073 31052 46415 21840 847 86871 46939 77151 58719 90466 51043 12130 13672 94056 96616 46965 15224 59261 29689 38273 95106 60297 84877 55184 94098 42387 28051 8600 29082 87462 63912 60328 6570 60331 7594 46002 43955 94645 99771 44481 8641 79300 74696 15816 14795 1997 15824 24529 25555 79835 41438 20961 59363 54251 16876 77807 51185 33268 79865 78845

Library 854 - Books Explored: 68
53634 82435 6531 55045 44550 48135 39434 89355 69260 84237 32656 55056 45594 59675 40730 36508 8483 6436 75811 54054 51239 76844 24236 93492 12213 951 3642 94138 68667 19006 25278 26942 74175 41922 82885 21702 97226 67149 94542 89807 66897 27729 38225 13780 48725 60246 95698 75991 82777 97243 42332 31582 64225 52071 42988 92524 90222 42609 79090 81395 8820 87541 24822 93046 88946 31996 83454 15231

Library 894 - Books Explored: 87
81428 38423 58392 6170 11804 48675 55343 73272 63564 29262 95838 36965 92777 49780 8313 79994 91769 63102 19072 46728 22668 99472 75931 45724 41630 74917 47787 93870 78514 10432 89797 29893 74437 21713 58072 84697 62686 226 78563 71399 95990 19192 37115 1276 11008 59141 56075 37134 72995 95013 10546 74038 24378 1339 31553 22337 78658 66884 91462 32593 58708 39255 22372 83823 39793 8060 29568 99203 97173 74133 23449 66974 40354 46504 44459 79797 69557 27575 83902 9679 79841 57835 97261 19440 98292 12282 83965

Library 902 - Books Explored: 162
44032 75275 46093 24589 93709 6159 56333 97311 13860 95285 80950 53816 35832 76347 42054 14920 13387 83533 53325 48728 83546 43102 63074 49256 14441 88169 50794 69740 56941 19564 6251 76400 86129 98417 39538 4218 93819 83580 95357 55934 96382 81534 56449 85641 76939 39052 8341 40089 70309 70312 72879 48816 50867 84147 53431 41143 48826 2238 7358 53952 51395 97476 92357 60611 1224 7369 6859 18129 66775 18650 13019 74973 18654 29921 21730 32483 30433 74981 65249 28396 98554 16123 24317 91129 20226 4871 86281 777 39689 50447 51985 13077 96538 79644 10012 72991 60192 15652 84775 59176 62763 47408 87345 37168 95539 3381 39222 41272 93501 65344 35139 92995 78159 53077 10590 96609 79201 76129 47990 38785 34691 35716 54661 2441 43402 61322 5513 64912 24466 49044 91541 83359 77219 72612 56230 12711 41897 37801 42932 36277 18879 80833 72642 12746 71118 51665 7122 5074 21458 41432 94680 10203 32226 81900 50670 36335 53232 57841 1518 68599 10232 52729

Library 933 - Books Explored: 101
81412 55303 4109 32783 37393 18966 60954 98843 27173 30760 56874 89642 92206 87598 68154 1085 60479 50247 13907 76378 43099 44128 64106 24690 22644 60024 46202 54909 41599 71809 93828 30852 75397 10379 40075 92815 28307 34460 83614 17055 49826 98467 17583 76978 51900 56016 74450 82133 51416 79065 79580 86239 52963 91365 4327 26855 81644 80620 21237 15611 16635 21769 87820 77070 86805 94490 76571 21791 75046 78126 2354 82245 46918 5972 1371 39778 25444 14189 30069 42892 71054 6546 88984 55710 97701 91562 1969 30652 46017 14278 51656 79824 31704 21465 65497 53214 46561 93673 98281 11253 72697

Library 936 - Books Explored: 5
89443 30600 31663 91792 73598

Library 944 - Books Explored: 66
47232 92803 25606 7943 10759 78347 12812 22411 9486 71692 20607 50682 37906 45078 93208 97306 38142 55329 29089 63784 12969 85161 85934 71215 52143 48687 16308 181 27449 86713 6462 3136 18753 73026 71491 52932 29252 68934 5062 40135 63946 90699 91467 25675 80080 2263 87385 8025 32090 70748 74332 27902 20218 29405 36833 34916 74982 97510 15208 92266 33012 47861 48628 98810 66046 91263

Library 952 - Books Explored: 150
25600 5637 7686 41993 99337 13321 93195 96269 10763 46095 39433 76307 28693 99864 46106 66586 24605 91166 80926 10794 46638 26161 58420 56373 15413 1080 66104 89153 28225 19013 29261 53838 55887 21596 85598 5218 50276 32359 15463 44158 63622 93833 39049 76940 24720 23701 49304 52888 63654 59046 50857 78509 11954 39418 59574 84663 6853 85189 51401 33484 63693 95438 4818 73939 55509 16087 75483 76518 77542 76012 35566 28409 42239 35586 99076 20745 20746 65290 67340 61200 25361 22290 277 73494 79639 2840 51486 12071 85800 90919 40238 53038 49460 17720 2873 88384 37697 51524 16197 96580 39751 12106 89423 62294 3415 88410 59229 20834 61799 62316 365 62322 68981 52599 67449 30076 91017 60811 72589 63886 5519 65422 8083 33172 61334 70040 11160 55196 95132 55204 60330 62891 6063 89017 90556 37826 77252 61895 52169 4562 57300 33751 57313 32234 69612 80883 31226 15868 20989 77822

Library 959 - Books Explored: 85
97288 58894 13337 64543 66591 74785 50213 63014 6182 48168 78378 12338 10802 60981 22071 87098 58426 25676 80973 21589 89698 95336 7281 19572 69240 93820 94846 50825 6285 76943 43158 64152 38553 35483 53927 54469 1750 5339 70882 39160 96006 29450 21772 88845 269 10006 19237 83752 37170 91464 51536 42838 60256 28512 4964 18282 26477 63342 52595 82811 14720 46978 23942 12683 1421 69015 10148 86954 39851 58288 98737 70577 12722 61875 57788 30142 17347 72652 82911 12262 48618 25066 22514 91125 14844

Library 969 - Books Explored: 86
85511 44046 6670 97316 77358 93233 37940 56904 2135 5720 90205 76388 30823 57964 10863 86640 5239 72824 5241 52863 33435 85667 38054 73901 27824 92340 93369 48320 78549 67799 33499 91359 37090 31469 73967 16116 87286 31991 54009 251 53500 98053 97552 15134 55076 23845 6950 62247 28968 45359 61237 75582 57662 40273 34658 82276 46447 38258 93048 53628 49536 13701 3976 11148 95117 74130 33176 45471 75681 18853 55206 68529 25012 96183 17336 13769 96203 93133 93136 18897 58329 34782 65009 52726 93687 26107

Library 970 - Books Explored: 99
16387 61451 11276 75797 51739 54308 83498 28204 90160 38457 35898 99395 61513 96330 97877 85079 60504 23129 96861 5728 94312 48234 31345 64628 31348 12408 67203 14468 64132 22667 21645 59023 40598 94870 22169 53914 8354 67237 87210 1712 34481 43696 22223 7892 16596 99041 45798 92391 82156 71917 18158 24816 70389 42743 28924 8461 26907 86307 60199 99120 68435 4438 58711 86884 60263 60777 20339 50040 79742 63359 83328 74129 83857 73107 37789 23967 9633 81826 12707 63401 35244 3508 17849 42940 49087 80831 90050 81348 40396 66520 13287 48107 3566 94702 81905 70642 1521 6644 97791

Library 971 - Books Explored: 76
60544 42112 49281 78723 12164 97542 58890 3852 46349 46862 96015 63505 76819 69140 6037 45331 11799 12056 63895 5404 13597 90910 16415 85533 13219 22564 43302 25641 31275 60467 53044 16565 49334 80695 62646 9017 98746 4283 63161 1341 73789 53951 21954 75715 59204 48455 45387 331 2894 75090 48594 24660 35026 39764 51543 20312 76629 3162 7803 56415 98657 29924 75110 17895 34920 48106 87275 39148 28780 55151 36210 29685 19958 76152 49402 92795

Library 972 - Books Explored: 64
26881 78600 95241 79371 52876 87180 72590 80911 18703 7952 6672 39317 7189 40983 36121 86809 42906 15902 19875 77091 17829 51241 54570 97196 47407 97074 61619 47030 1335 30135 34487 90683 80829 81342 26301 96447 72381 6338 84165 35653 76359 14664 67656 67658 16074 73807 9935 97745 38359 92763 6752 24289 64739 2661 29542 36199 75503 48625 98161 43254 53755 52857 80635 71292

Library 21 - Books Explored: 91
73730 51209 14346 1547 87056 94741 76823 10263 55831 97822 6698 23600 69684 44596 42044 59462 2630 12369 89170 81491 66644 59483 68189 17509 6246 4205 39536 39541 63615 46208 88195 86147 63111 99979 76428 3217 16539 5791 91808 37554 94387 90824 3790 98007 82144 21223 86249 47350 61178 36098 72964 58119 68360 82199 49949 43296 80169 24365 45357 73517 98096 76606 8512 55621 92999 90960 17236 53606 97146 28540 92546 58756 10136 39325 13215 61863 8107 61360 50097 30644 47541 10692 47558 40391 84425 97738 15820 76769 99303 81896 98288

Library 32 - Books Explored: 52
74624 92549 52102 50311 17676 84623 90386 62099 12820 17047 54297 70910 12063 45088 46499 24996 10661 72183 85411 92837 76586 15095 77228 13621 8249 87868 83645 52418 29124 15813 99014 15943 58181 86473 66250 70861 1485 74837 88279 33623 49115 28638 88542 51941 97894 95726 45812 91126 39543 73981 59518 94847

Library 39 - Books Explored: 39
4994 68995 6788 74885 85250 39175 10760 77965 72977 28438 51227 96798 81824 65954 59814 87211 94637 79545 95034 94907 81980 37317 42312 86606 73938 62803 52820 25044 18647 55768 43225 17886 48353 30952 33266 61044 86772 58487 31354

Library 45 - Books Explored: 17
44064 44995 70342 34087 41896 9452 92845 50958 39981 1101 28828 41230 41366 60124 89853 88638 40639

Library 60 - Books Explored: 50
62720 1537 17408 74240 89344 82445 94993 56211 1685 32408 21528 65050 14234 96156 26272 87331 24619 60844 12463 31154 64691 49715 39092 41400 56504 60 86077 92223 54211 82246 68936 87754 38481 43735 85592 11356 43869 26206 77662 36700 25697 11619 58348 54765 33390 12915 630 41977 40570 56445

Library 62 - Books Explored: 87
13831 36872 32784 34838 68125 9758 2593 76841 81458 13885 35401 26186 62046 93278 51815 39021 94830 42107 45696 42628 58512 25752 49819 99995 69277 93351 1708 4272 81589 89782 74946 79560 71883 38608 69848 62176 38626 77036 26884 23827 25364 69914 18724 80680 17218 72004 41284 90442 34125 41298 37724 63329 7522 54123 32630 55165 60801 63364 42379 26507 88971 35728 75672 65433 82332 26527 42405 84394 57259 90032 70581 21438 66507 53720 67033 52187 97756 5604 2022 53736 64490 5098 31216 1009 1528 44542 43519

Library 64 - Books Explored: 25
13060 32644 8332 52621 66191 532 6551 50207 67487 72997 51751 65961 37294 24371 96063 22981 64585 50765 25937 51283 84437 26981 78694 87023 82679

Library 83 - Books Explored: 115
55304 89611 37907 35862 37911 37919 60967 94260 75321 52793 93758 47166 76351 79937 84034 26698 75344 98905 34914 83050 57969 71796 80500 63604 52858 75901 86142 59007 69763 84613 93839 78480 60053 16537 15519 62636 83648 20161 21703 25287 48331 67278 65230 51920 89298 64727 41179 64732 33505 76006 25830 72943 74491 58110 82690 85256 78090 62223 36627 86804 60693 88351 12064 28970 41771 19248 77618 29491 32053 61238 38199 54585 48443 88382 57677 28510 2400 86369 44898 40811 7532 12656 96627 9076 59253 97142 50035 68474 99711 95619 24454 84871 16782 21903 27544 58265 68514 47527 23976 10156 42420 70585 45505 74178 76228 8644 12745 10698 68047 88018 85974 24560 99314 36343 4601

Library 91 - Books Explored: 11
6496 63072 38882 43332 44617 45815 50768 14773 61143 95163 19517

Library 105 - Books Explored: 67
62848 83073 81410 11778 44421 88838 71688 59528 56330 83723 90251 21387 6669 17931 51343 29587 55571 30486 70681 72990 29726 31649 44961 72877 80306 44213 57784 81337 89918 54334 79042 18687 40643 20678 63303 86216 43209 31690 30281 85835 23116 92878 25046 6872 40281 46042 2778 64220 46945 25572 24549 79336 35304 53354 55275 5997 87021 27503 25584 8303 20461 9589 95607 1144 9594 10363 83967

Library 117 - Books Explored: 22
57854 3219 42260 92820 63637 55708 26910 23459 6180 48293 34728 44975 91719 62156 21455 32976 39002 66654 48746 51823 69628 11390

Library 118 - Books Explored: 55
42882 10115 19332 8322 2439 45067 53387 27404 90638 38157 89232 25867 54032 86675 49300 59788 73878 33954 46243 51106 22440 43177 90673 84789 51256 43705 2106 85188 71621 48198 48587 37709 18255 11349 62039 70667 27737 23386 60123 90079 74336 93157 54506 7787 51824 4721 83954 18931 65279 41718 59382 33145 9724 64638 27519

Library 121 - Books Explored: 41
770 41602 93573 14726 64649 64395 49420 61839 21138 90515 58239 36506 95261 71966 84512 34980 82471 67241 21165 28723 60211 7605 41271 5696 59840 7238 17607 7239 70728 9675 30161 76757 74456 53593 83290 52958 46702 11889 22388 18809 47615

Library 128 - Books Explored: 106
53265 11286 30752 25136 15929 74812 91710 27200 38980 70732 49743 68176 22107 48737 88678 78952 57972 15480 61561 89213 24704 43142 45703 50326 24729 670 69293 98477 9903 18097 88772 56011 30415 724 71381 51418 36059 25312 63712 28901 66281 98540 76017 89842 5877 73974 95991 20216 20743 65287 24844 99095 54041 51995 34081 2855 29489 61236 71991 4410 79675 84284 97088 77634 29009 24916 14678 26968 84827 79199 36717 33137 55667 87937 72579 95107 67974 65933 89486 56727 87960 8607 13220 88495 7600 96687 1974 5559 96197 26570 13773 94158 83921 39899 72668 35804 81888 46563 74212 54250 73708 4591 42481 51698 6643 44020

Library 135 - Books Explored: 36
34443 50959 43165 90782 51359 34851 63525 91817 69034 74410 23982 22193 35259 51133 28095 79807 94147 27844 47686 51406 63825 99666 54098 90715 24541 72029 99167 28639 1503 41445 65898 36331 51954 3186 82805 13563

Library 142 - Books Explored: 53
85253 61191 76049 7955 20119 84504 59292 44572 96034 72354 98340 2726 27303 53675 19246 86319 72882 33588 1845 82230 54073 83515 91324 9789 42939 13247 15040 54849 91454 26564 52560 37847 57050 64219 42076 72027 47837 85088 23649 39904 46947 71780 44132 57578 36716 37740 63596 69744 36211 78325 74742 13306 35836

Library 148 - Books Explored: 106
83975 95244 97298 63516 35878 65064 41513 42538 21036 27692 4150 96314 6210 40009 61002 62543 63060 89691 64096 74337 94306 78950 96363 54398 54405 75917 30867 88736 99497 90796 84653 27827 76476 53953 89795 21192 81100 15569 40150 81623 30940 24286 86762 2282 96495 25336 14591 20225 88325 88331 25360 95506 93460 36629 74008 16666 38689 5411 26921 1324 83257 24889 64828 7498 6986 59725 83281 51028 84308 70998 96087 93529 71001 98151 75111 49517 64371 33148 35708 11142 38795 20363 17297 24982 18838 96669 16807 8621 76207 13232 96175 23989 11703 54203 31166 46014 74686 56775 84943 17872 43989 23524 493 82927 28144 21491

Library 150 - Books Explored: 3
18632 90204 90557

Library 155 - Books Explored: 28
12162 84358 9110 26775 97561 99482 49436 41120 41378 87334 66984 6576 58421 94521 69953 97985 71498 18257 82900 77145 96090 72927 61664 36706 2531 13539 23165 83199

Library 160 - Books Explored: 96
75267 74755 33289 85014 38937 65055 47649 42023 86576 64560 52274 48692 32822 91193 6203 28755 8282 49245 10846 10848 8291 92781 82548 79476 80501 57975 63607 89208 15481 16511 39058 52372 21141 5274 18604 78516 63174 17108 7896 39642 83182 23803 4860 79106 73987 3338 39185 28434 74519 70955 61740 75054 26932 90426 22846 51009 97094 52550 91466 32588 43858 98646 10589 11620 60781 25971 19828 38774 17271 46972 51068 28547 86416 96657 91550 27551 12716 1455 73137 84402 68535 3513 7615 29632 83930 54746 36321 47587 30694 2023 11248 69618 5107 98295 75769 93180

Library 174 - Books Explored: 28
7302 78343 71304 29322 20879 11032 38813 33825 63395 35876 84004 24247 71106 53450 75597 61394 69461 54871 18263 28633 50535 88043 60524 91885 4846 79088 66674 39673

Library 179 - Books Explored: 87
67077 5638 52230 8719 56336 20495 31252 86040 8730 61981 4641 75297 65580 26681 74303 7748 83529 45645 50256 21588 40020 79963 7261 12383 60007 31856 26750 42115 73350 44169 44686 9359 12433 97944 83608 85158 81062 41651 65206 94903 18618 1724 41660 62662 94421 31445 88791 41701 6889 83698 36610 68873 64779 68882 10009 7965 10527 76585 74030 74546 91962 16701 76113 46936 859 66398 59755 34673 23413 61302 37763 22915 88973 60813 10643 17852 29629 26046 24522 62411 3026 94163 16342 41949 53733 13799 97271

Library 197 - Books Explored: 43
7810 71557 44553 3472 79376 36498 38805 74393 669 96542 95907 16806 36524 50733 35122 62898 46388 22838 27703 81848 46648 48830 96832 68160 26307 32582 88650 65483 65227 59853 64078 68816 23900 33763 64741 38759 41064 24943 75120 66933 27000 25979 72060

Library 200 - Books Explored: 32
44160 74370 76037 96392 54024 37002 45578 91788 68489 74644 56603 91677 77989 1580 57905 80440 99904 27588 48974 20432 24912 42195 46037 14038 45272 6876 51296 66145 76903 38000 45302 63737

Library 212 - Books Explored: 0


Library 217 - Books Explored: 9
42245 14055 52561 53267 67190 15478 57306 33436 58398

Library 222 - Books Explored: 17
21057 49377 98499 24355 96101 28998 95974 48390 69285 47044 93960 7886 26352 21552 67028 73724 2623

Library 231 - Books Explored: 5
49217 63041 32684 51340 23534

Library 232 - Books Explored: 12
23233 84098 3619 5443 54885 37509 41481 26028 19887 6067 31094 3671

Library 234 - Books Explored: 38
83974 81939 95253 85015 21785 12573 82209 72227 14632 88745 29356 79405 25134 14385 39348 41141 66237 85826 40901 69960 97353 45644 94928 72531 77779 77653 40403 63065 26333 4320 29281 49131 27373 9457 30194 51700 71414 16509

Library 247 - Books Explored: 48
28673 61827 83466 78734 73490 25235 67603 51349 27410 51989 4121 65950 46369 42658 88865 34092 20787 68275 81081 21947 4412 97344 88256 17221 90566 44359 19399 86347 8015 92882 25173 62942 25440 79457 91362 28519 3305 39403 60012 55534 58993 95473 22133 33659 59772 39421 70526 8319

Library 252 - Books Explored: 36
29060 61199 7187 41491 62739 94103 2841 77477 67628 97584 59953 26928 49716 38837 52788 86458 58173 16718 8148 90069 48596 52565 84438 48601 39008 33376 26341 73061 71785 49771 7792 32496 17650 26354 27639 21755

Library 267 - Books Explored: 11
25984 81345 57570 45027 31303 59976 12202 173 45551 50999 5694

Library 268 - Books Explored: 10
71776 45800 87656 66154 77003 84974 79774 47670 42779 85758

Library 273 - Books Explored: 24
20481 15747 58632 18960 42274 91566 29240 62396 35778 50887 61640 93258 95436 95567 86354 91861 219 9436 8548 60260 90608 64503 69368 84862

Library 292 - Books Explored: 6
93928 26996 33207 72954 71291 96381

Library 320 - Books Explored: 4
79023 41698 91234 5303

Library 333 - Books Explored: 5
91628 89293 76847 95439 86100

Library 335 - Books Explored: 8
43335 31143 51687 17994 91888 39920 68371 91163

Library 336 - Books Explored: 9
76680 31401 52618 86005 24597 73781 74040 99931 42782

Library 356 - Books Explored: 3
80018 74900 68550

Library 358 - Books Explored: 7
84161 78695 47369 2764 17299 23002 60671

Library 359 - Books Explored: 3
11720 713 71907

Library 389 - Books Explored: 2
31680 31503

Total Score: 1828638
---------------------------------------------------------------
