---------------------------------------------------------------
Number of libraries explored: 21

Library 210 - Books Explored: 553
71680 32777 61450 30742 34839 26647 8217 4126 18465 30756 16421 24618 51248 65584 22579 53303 8249 34886 92233 92235 86092 28747 61518 53327 30799 53330 18516 92 69725 41057 61538 100 79974 96359 79976 86128 6257 4210 98419 121 28799 26753 45187 18578 69779 75928 96410 90268 28829 39073 98468 57512 73897 61610 37038 65714 8376 63673 69819 67774 84158 2246 37063 24776 201 204 67800 18649 88283 75995 4324 26861 80119 24824 49402 20730 86274 59652 61703 20744 4362 78093 76048 84242 8473 76057 45340 94497 80175 67888 43315 10551 45369 94528 35139 20807 12617 29004 82253 80210 33106 69971 72021 343 88411 45406 98655 20831 72035 45412 31084 55665 41330 29045 43386 24962 53634 14724 29065 96650 37259 86409 55699 43415 33176 33177 84378 61847 86428 92573 65952 98722 82339 70052 72103 51624 59825 31155 20923 29122 455 98760 37323 45521 90580 72148 37335 23002 18907 12763 55777 86499 488 18921 16380 84463 29168 72178 37363 2552 10746 88572 80384 96774 84503 45593 55846 14905 2618 84563 10836 23125 66133 49752 37465 47706 51803 12898 86630 10855 94827 66157 84593 27254 35447 72312 70269 66185 96910 92815 27280 58014 41632 58017 72356 37540 23213 45747 92853 66235 10940 35530 25291 2764 62155 25295 74452 43733 43732 4822 17115 99035 94943 21217 94949 68327 66280 744 749 33530 70396 4861 99071 21248 84737 33540 58120 13066 779 90895 80658 90910 78622 60190 33570 17193 49964 99117 92978 39734 72504 54079 54080 17220 9034 11089 80730 99163 76641 2922 27501 93051 54140 29571 84867 31623 88968 21384 904 33685 9110 70553 31643 82849 19363 13220 50083 76710 97196 76717 48047 39858 62388 78776 56256 29633 3013 72647 35786 95184 66513 97235 25556 37845 31702 78806 93139 9177 66523 58336 58342 64493 54268 25598 95230 37894 97286 35848 91147 50191 5137 62482 74776 7198 93232 80945 23603 23604 48179 64569 25663 37954 13379 15429 87111 23624 50251 72783 87134 68703 1130 33912 3195 97406 91262 93316 83078 85130 11408 31890 42137 74911 66720 81056 60578 50338 48292 15527 95402 60588 13492 85182 60606 81102 48335 27856 27854 72914 72930 5347 91363 9445 83173 83175 21737 1258 70893 42227 93428 52469 91386 42235 89346 25860 77067 54540 72973 93457 23834 58653 13598 25887 56609 44324 3364 40230 19753 17708 36141 77105 58678 23873 54595 58697 66891 42316 95564 60749 15708 46431 68966 11634 17783 23928 50558 17791 54656 21902 52624 95638 48535 97688 46493 77215 95648 97695 11680 42403 73126 42411 83374 93618 54707 66997 44476 75197 19902 54724 50632 93642 67019 81356 21968 81369 71142 44523 56812 91630 48624 54770 36350 46591 62976 7698 34323 97817 87579 79406 65071 63024 91699 9785 11842 20041 77389 61011 9818 44640 81507 50788 9829 67175 97897 5738 58989 46707 58998 69242 83578 81532 81534 32384 42624 67210 20108 89742 18063 46747 93853 1699 24228 48805 87720 18098 46774 16054 20163 48840 71368 24276 38631 9960 85738 79597 42733 7921 5883 55035 73469 20226 89862 44811 18191 93986 38691 65315 38698 18219 10027 91954 26419 44858 71483 34620 30524 89927 44873 24394 42829 94034 55124 85847 40806 89961 24426 28525 89982 38785 75651 59268 53125 65419 49035 1931 53139 94103 3997 24478 96161 75684 22436 85929 10154 92074 57258 14256 42937 61373 30654 77759 59329 44999 6094 36816 92115 36824 55261 20446 8172 47094 81913 71674 14332

Library 431 - Books Explored: 151
72195 10757 46090 47122 37402 13851 2588 19487 69665 65575 65585 10807 50747 64060 42558 60992 92226 72262 92753 31827 59992 34907 86627 34921 63082 29290 84077 76913 24182 77951 62081 87171 39047 13960 13449 34951 33436 74407 84654 55982 44210 96435 36019 62134 79031 96954 2244 81610 50381 19662 66772 2264 43737 82137 28893 73950 4830 59108 4326 60647 21227 47851 25324 85744 89330 32501 54005 29436 30973 8962 40195 94467 62211 5894 71431 30469 39178 12044 94990 40723 52499 53527 27932 21800 87337 2858 16169 31021 40750 99121 82226 21297 55605 28992 15168 83266 1347 69962 57162 32588 95060 29528 27480 61787 45917 34143 55647 77153 84326 40295 22890 44399 83313 61302 65912 94081 75662 93587 62357 77206 5018 85919 3999 28068 90534 95143 90536 86951 82346 22959 71095 81847 12218 79805 24008 85453 82383 29652 73174 5598 63459 95715 66020 3558 34793 71145 20458 74223 80882 71162 21499

Library 112 - Books Explored: 394
65554 32792 30751 36897 16419 71716 43056 69682 88117 2106 55358 14400 98369 69699 77901 22612 75877 26732 2163 67700 75893 6267 18560 2177 53387 92303 8355 84135 90292 75958 73911 12471 63671 94392 47295 41159 49355 82123 4312 39130 96484 96487 45291 51441 43250 47347 10496 53504 88322 67843 92428 39210 55595 82229 74039 41276 45379 8518 94557 74085 80234 70001 53618 98699 22924 76171 47502 47499 57744 74131 78227 24981 39325 37278 61855 57762 43443 33207 25021 49614 66001 49634 6626 94693 84462 20976 8697 31242 2570 29195 68107 33291 43534 98826 39443 4635 82470 98866 10803 23092 39478 43580 59970 68170 57933 96858 27226 55900 12897 10856 78445 53873 62066 70259 41586 21110 45691 35451 80511 74373 94856 55945 27283 27287 90779 17063 31406 2741 39609 29383 88778 72403 53978 2783 49887 76512 88800 31456 56044 27377 49908 17144 62205 99073 43779 86787 94980 88841 64265 60169 82708 84760 51993 62233 78623 66341 86829 99118 819 821 824 66367 11078 74566 56156 66411 25453 84845 60283 2944 27540 33690 41885 45982 91045 56236 97200 35764 952 17338 76734 86983 52176 76753 7127 72667 37868 27635 13308 21510 35851 42006 52262 15399 82985 15407 21568 68673 35907 72780 40018 56407 5212 72814 44143 85105 72825 64636 27774 38033 87187 85141 40096 21665 31910 52391 40113 60593 91319 60600 72889 29882 42170 68792 44223 52419 19660 83149 44242 31958 62679 23768 72925 95456 95457 62690 58596 74993 40189 1284 34056 38167 13591 44314 11549 89383 7467 58681 30009 50493 93508 38215 9546 38229 23901 62821 9577 97648 81265 83317 95607 52605 25987 97669 95623 79239 97677 11665 95637 1430 66969 99737 52640 69034 81333 85445 71122 7635 13783 7647 46568 97769 26091 83446 46593 71174 13831 85511 65034 9740 56854 50713 99866 15906 91695 60985 63041 93761 56903 26192 18002 30292 56923 18018 75365 9838 97903 13939 89721 59007 91776 52865 81536 7809 46724 32393 85645 9872 79510 59037 40615 28330 34475 46767 95933 77504 65218 11971 34503 73416 16073 24267 93910 52950 48855 48859 48860 3808 98019 22244 98028 18156 32497 55036 28416 46848 69379 87813 57096 10000 67348 12053 73492 3863 30493 65312 83745 48936 63275 61232 10040 40765 61248 34631 32591 79696 65360 57170 44887 3933 46945 89958 20331 96113 96115 20340 22389 22391 14201 14205 87937 16258 8072 79764 49047 85926 55232 96194 69575 77779 53203 16345 34788 2025

Library 114 - Books Explored: 46
1 53505 96131 27269 87430 27782 72583 40326 25611 52111 57488 88977 2322 2323 44321 53029 29605 72485 48937 54718 57281 51397 90950 20937 51661 94030 73295 17487 47188 41685 32086 30558 32095 40802 38242 12004 78308 42982 76519 97512 97898 6635 72811 81906 67575 65528

Library 127 - Books Explored: 121
526 61459 93210 32286 18976 25641 55854 84019 57398 36412 58438 58952 57417 87635 84053 55391 15975 46697 24177 77426 91765 46709 36983 2689 59523 22150 97415 2696 43662 70799 26769 30355 67221 65688 28323 56487 78001 77496 15040 87753 59081 88266 53453 24278 26328 3290 20701 23775 66788 37605 52968 2286 17651 86775 87293 19709 48383 28931 51460 32521 39690 35595 55052 68877 73486 77077 4890 32030 44837 31014 29480 23855 54581 48953 63291 43835 91455 81732 12104 80727 36695 17246 42336 64358 50538 88430 28015 9075 9588 57721 92028 30591 16266 54155 8588 9102 99219 43933 4516 78249 35244 79279 87987 30136 90044 97215 5569 17350 95687 39882 98764 32205 22991 70611 63962 96219 35806 87014 45034 59896 89084

Library 193 - Books Explored: 95
42498 79876 19974 97800 80392 40977 66578 60952 88088 64031 80415 28712 3114 19501 16429 57392 39990 32311 56886 91704 94781 64584 4174 43091 72789 50777 46178 75880 91250 89204 36982 98430 76937 61074 1172 26266 78514 32948 18100 17592 74939 44231 68810 60123 47335 59117 88815 80112 87284 34037 43768 92420 51975 29451 5395 98581 70432 49963 7997 12094 21824 39748 96082 47959 56155 34663 52075 7028 43893 53112 74107 15740 63359 37250 86915 3983 80787 41876 85395 90011 60323 7079 43434 82349 27059 13748 65459 15290 16315 78268 25023 27597 5587 23023 80368

Library 204 - Books Explored: 874
67584 38912 88070 10247 2055 57353 69643 22539 30733 69646 71695 86039 4121 2075 40991 81952 16417 40994 73761 67621 2088 92201 71723 44 55340 65580 84016 98353 71728 38971 57407 18497 20546 6213 8264 34888 36939 55376 18514 10323 10326 18519 90200 14430 75873 10341 14446 82032 86132 24696 122 36987 51327 69762 94342 80009 43146 69771 82061 80013 67727 82064 69777 18584 80027 77984 34980 90276 43175 4264 80040 84138 41130 39082 84137 37044 22711 57527 90296 35002 80061 51394 63690 30923 22732 37068 6350 22736 39124 8405 4311 57563 45276 16604 75996 45277 18665 78062 51440 84210 90355 78068 59637 92403 98552 82170 57595 18684 28928 65793 33027 26884 78088 86284 59664 96530 37139 71956 35091 55574 78103 30998 49438 65822 92451 53545 37165 76077 22830 71982 78129 71989 31030 43319 90424 6456 65847 31037 84286 24895 98623 82240 6466 6467 74054 26952 16717 24910 22863 31057 31058 94552 2400 29026 92519 33128 22887 26988 6509 45422 24943 16751 45430 33143 96633 80251 96636 78206 6527 35202 96643 94595 88455 65934 80271 51600 96656 72082 94613 96663 49560 16795 63900 74141 68003 24996 53668 39337 96690 55734 41399 92600 31160 94650 96694 57793 12738 33220 14789 41415 70088 12746 20938 51662 18897 41426 27095 74202 90588 86494 86496 2529 25057 10723 29158 53734 35305 45547 33260 2540 41453 8684 63984 86512 12786 49651 57840 39415 47610 43516 39421 25090 29186 12809 82442 45580 90639 51733 534 64023 8730 82462 29215 98849 8739 27173 66086 80425 31275 53803 6702 35375 4655 14896 8755 10804 88629 31286 25143 18997 86590 41541 70214 37445 82505 29258 49738 33360 49744 57941 10846 94815 2657 19042 39521 49762 609 39526 62055 74343 10854 90731 80499 21108 31349 96903 6794 88716 78481 14994 53906 98966 23191 27290 6812 55968 21158 60073 96941 94896 82610 41654 53945 86714 21178 15039 90823 35527 90825 15051 56012 60115 15062 10968 27353 23258 41691 23260 23263 45793 10977 51939 41701 58086 78567 92903 25325 51949 74478 23284 43765 60148 19191 39673 6909 62207 82690 19203 8964 62213 45826 86791 64272 72468 60181 35606 66327 49945 70429 56094 43805 19236 84774 76582 8998 88874 64301 19245 19249 17201 19252 97079 23352 62267 45883 21309 95037 82751 88896 15166 31554 25405 6980 64331 62283 4944 68437 17237 857 66395 21340 90974 21345 97127 54120 29544 50024 60264 35694 21370 60291 29580 68493 25487 74640 27537 91028 48024 91035 925 27552 13224 7084 7085 39854 58287 56244 60341 37813 58293 62393 7099 58304 25537 43972 9158 58313 15308 97229 31694 41935 33744 50128 99282 74707 39896 15321 76762 13280 95202 54243 39909 35813 23527 64488 9191 15339 37867 84973 66542 44016 33782 21494 39930 41981 21502 41988 93189 60424 74761 52232 52235 87052 44045 72712 54287 66576 31758 58377 70676 62484 60438 5146 66588 58396 33825 35876 64551 35880 39979 15405 35892 60469 7228 25661 78912 72773 74825 76882 44116 97374 58464 52322 35940 19557 7271 62571 83051 58477 99438 44145 81011 29813 85109 89209 46205 83075 42119 50313 70796 3213 54412 81040 35989 81050 3226 9378 17573 15525 11432 85165 15542 56502 74938 29884 46272 95424 74950 87244 23757 19664 13522 68818 79061 68823 79063 27870 70878 79072 85217 85219 38116 40168 56553 95467 50412 68848 7409 54515 62708 19704 58617 95482 56575 91397 38149 81158 11525 25864 85257 89357 70927 40212 1302 64792 23835 97564 25883 38174 23839 99617 68899 60709 66853 34087 9513 60713 77097 79145 81198 64815 75057 58674 13617 3380 83252 99638 32055 1335 85309 23869 66879 64832 27968 42310 25927 62793 13642 99658 3404 9555 36179 30040 27993 46427 21854 21859 64868 52582 64871 75116 71020 54638 99694 71023 21873 15730 58739 71028 7543 36216 44409 48506 11643 28029 89472 99712 56706 46468 68997 15750 71045 73096 62862 46481 81298 32147 85398 15769 36256 64930 52645 50599 21928 7601 28088 75195 1468 17856 71104 99776 30147 87490 9669 34248 75211 79307 7629 46540 17872 77267 1494 21974 83416 89560 75232 15840 24043 40433 52721 52723 97779 91637 91643 13820 42506 1547 38412 85521 13844 30228 22039 54809 95769 44574 22048 73252 40495 89648 77363 89653 54837 1593 48698 48702 34368 71233 48706 20033 60999 18007 7771 30300 85601 87650 7777 36452 77413 54883 77419 24173 83566 44654 40561 61041 87667 28276 71285 97910 59002 87682 52868 85638 46735 3730 56978 71319 87703 48791 44697 97947 36508 18071 18078 81566 69280 50850 56995 3746 30379 1709 34477 40624 54962 16052 22197 11957 48825 14010 22204 9920 46787 9924 20165 40648 5832 38603 46796 9943 32477 98013 14045 91877 5861 24295 32489 9965 95986 48883 20213 91894 95991 22265 83708 65278 98046 81664 1791 65282 63235 28428 18194 3859 26388 46871 22297 7963 5918 5922 5926 96041 69421 50992 94008 69435 63292 38718 44866 38724 51015 28488 79691 1869 98126 75603 32603 5979 77661 83806 61277 65376 51041 69486 87919 38768 16239 59248 75637 32631 3961 96121 8059 42881 38786 55172 3973 59271 44938 98189 36753 69521 14230 53143 51096 92056 73626 92060 32669 71582 32671 12196 47015 65452 24495 59311 44977 36786 34739 85941 26552 59321 90042 85950 38846 18367 10179 34756 81860 6086 57287 61384 36806 10191 73680 36820 4053 65496 90073 47066 94171 49116 45021 38876 16358 14314 59370 57327 75759 42997 83957 28666 88059 67581 51199

Library 516 - Books Explored: 63
87809 52355 63754 27659 85907 98452 30100 80406 98070 29589 86812 68509 23080 62505 4778 68906 84906 63664 35122 47796 55350 72503 45880 99384 88247 45116 73405 87486 32576 35137 85824 89155 43587 5062 57031 2886 36807 95309 97486 89295 62034 55254 77014 82008 97627 43867 8797 37855 96 26339 50019 56806 36455 9575 24041 14058 59366 52584 70519 8951 16376 66810 94843

Library 960 - Books Explored: 35
83591 84873 87445 94999 29567 52636 72223 77346 63779 51876 51196 66862 11448 52283 87227 48316 7544 74055 99784 84810 39628 96093 5725 28768 21090 19431 94952 31978 15855 23922 62456 74361 78074 63356 54143

Library 21 - Books Explored: 427
77842 24598 18456 16409 24600 12325 34863 96307 24635 59464 45159 22631 20603 49281 57474 55429 49292 10383 14490 10405 34985 8362 12460 6318 47281 45234 61621 84155 10429 75966 98499 96455 45256 61641 39119 8400 30932 51413 43233 32993 6373 78054 76007 76013 20721 51446 94465 86279 31004 71966 82206 39201 24868 65830 45361 2363 22845 35135 49473 14675 80216 47449 59750 63864 4474 90499 57735 67975 94601 84362 35212 49553 22935 88474 88476 51616 88485 41382 35255 6586 10682 4545 63938 45507 92613 4556 78286 35281 86490 96731 59885 88557 4592 66034 80371 29172 96762 74237 82431 35327 23041 64005 519 2573 98836 16917 21017 4633 53797 45609 25134 64047 41521 66098 74317 35408 51798 57944 84568 84574 27233 4707 12913 74355 25207 10882 68241 72339 33434 66203 72346 29341 74399 10913 17064 27307 76463 31408 21168 29363 47798 49847 25273 27321 17088 78529 92875 27345 62161 47834 58074 39645 41699 39654 74482 64243 15093 45822 64258 54020 78597 27402 64267 15116 86796 66318 33553 33566 95007 13090 52003 6949 4920 70461 68418 97091 56137 45898 29516 37718 86877 99166 76638 25451 80749 50044 2947 74628 54153 13196 33678 99216 60308 15259 39835 5027 29603 91044 68519 64433 62386 58289 62385 950 76731 35782 43991 72665 7133 78814 60389 78822 76779 56308 64502 39929 78847 56320 44037 66568 39945 91149 48142 35858 72723 80917 80918 5171 48194 93255 76875 68683 83023 78927 21585 85082 85087 64619 5231 62580 54390 87159 89210 58491 62591 11399 27785 83089 48280 89248 76966 68778 64682 85163 17584 42161 58552 48315 76987 11468 87246 64723 34004 56536 17630 79071 52449 89315 13542 9447 9450 60654 15598 3329 48387 95493 52486 42249 83213 58638 21793 62754 42278 50485 56632 5435 97617 30034 48467 73050 28002 11627 91539 26013 1442 19875 54702 11695 64950 99773 7615 28101 5575 89545 42443 54735 69071 67025 44508 83422 5599 48608 38368 44511 69093 32247 56823 89596 30206 67077 95756 50702 73234 17940 69150 44579 85542 83497 17962 77361 22066 5690 83519 83523 48713 87627 89678 13905 58964 50774 58968 5720 61027 11876 44647 69224 32368 91763 67201 59012 65158 7822 38542 40601 36507 85659 40610 63142 36529 7861 46783 71362 85699 9925 34507 73420 9933 69327 42711 18151 44790 77571 14085 83731 18197 46873 16160 5931 22316 26415 5935 85814 51012 55112 85832 77645 12111 96086 28508 65373 38752 69473 98144 59236 32626 28531 73590 51064 6009 44923 65406 18308 6020 83847 59275 53132 96144 85906 44968 61352 18352 53173 71605 69563 85953 94146 12227 42948 57292 36817 65500 38877 83934 28640 55270 6133 63486

Library 454 - Books Explored: 543
26624 88065 79878 22536 40970 20493 77847 43034 49181 36898 96302 49 14387 59444 49207 47163 79933 79934 51264 71745 88133 63560 72 90188 14413 59474 2136 34905 22618 39002 84062 8287 41055 2145 82018 24675 12385 47211 63596 55404 41075 8308 96374 2168 92285 2174 39039 96385 137 10378 67723 94347 34955 20626 90265 75930 37021 65700 92329 8365 26799 43190 35009 194 4297 78026 43215 35025 65746 43219 96469 26848 92385 49379 55535 28915 47349 22775 63740 63742 22783 55555 28933 69898 98573 41234 47381 51481 33056 67877 78120 80169 71983 49455 20789 20792 4414 28990 82239 69955 37187 76099 78156 8530 49497 352 4464 18800 12658 47480 82300 31104 35200 12681 59788 74130 84376 43433 27052 65971 35266 14807 37336 59865 76250 53735 4588 86509 55791 78332 31228 88583 64008 78346 35339 41483 66064 61975 84504 82457 540 16930 39460 72230 90670 94771 33335 35383 76343 62014 16964 27212 74318 70230 21082 68187 10847 92770 64100 70246 25190 55912 6764 6770 55922 41591 51832 64121 57977 70263 41604 14985 62092 43660 57999 86681 78490 66205 45735 70314 4784 90801 55986 96948 68277 698 84667 60100 82642 23253 4829 92896 62179 94953 19181 82671 56048 72440 15096 4864 80643 41735 74509 39693 13075 51995 60188 33565 17184 90916 52012 45869 13104 23346 27446 41786 49984 90945 23364 60230 47946 39755 99148 97101 13133 54090 19291 39772 60258 62310 39795 50036 29558 97144 60281 76669 60290 27528 76684 78739 54164 64405 43928 66457 45980 62368 54177 56232 84904 48045 72623 82866 70581 9141 99267 52172 82894 56275 64471 32760 46042 97243 21471 87022 7156 72696 64505 60412 60416 5125 46088 66573 78867 7193 97306 13337 1052 91161 87066 5151 80941 50229 64573 9278 5182 64576 72770 91203 37965 74832 33875 87124 42077 87141 3174 89193 19562 27756 15470 76927 23679 78978 31877 74886 70791 13454 89231 91282 27794 42146 11434 11439 66737 21682 25788 56509 9406 62657 62658 81091 48324 52420 7375 25809 87251 1243 77020 25820 40158 13533 70880 89314 7395 27881 95468 54508 52464 27889 62706 52475 29950 11518 13570 7428 29957 54543 79120 52496 9496 81178 5404 93478 93484 56629 7478 95546 81220 85319 54611 99681 52581 44389 23913 32110 15727 79224 36225 52614 50567 9611 34192 23953 7573 38296 85401 42393 42396 85404 44447 11679 97698 93603 99756 73133 77235 54725 87493 42439 1483 91600 19920 11730 69077 5591 85466 83419 42464 19936 26095 28146 56819 85502 85504 17924 69127 69129 28170 85526 34329 17946 65053 38429 40479 34334 52769 95778 11815 81455 71221 15933 48705 3651 3656 3658 54860 5719 48734 7780 77417 1642 58997 22155 61067 85655 54937 83609 54942 50847 28320 20130 1711 5808 57010 81587 20153 18112 73413 67269 52933 24268 34509 93900 54995 42708 11987 83687 55016 83696 24305 18162 65264 30459 26367 48898 16132 3845 24325 1799 3848 30471 53002 32529 12050 67347 75541 26390 10014 30501 46888 30505 18221 22317 12079 83767 16183 57146 46909 40768 22340 63304 55114 1867 71499 61263 77648 48978 96085 44889 51033 18272 22373 20328 98154 94071 16248 46969 22400 34702 46991 38807 63480 67482 83876 26534 32679 8106 57267 36789 34743 20409 83902 28607 42942 44990 63429 20425 6089 92108 61394 67550 36831 8160 14317 26606 61423 73712 12272 59379 28662 71670 36856 67578 55295

Library 610 - Books Explored: 135
59394 16397 75791 6673 29717 40484 71205 98350 35888 7220 57910 20543 12358 75846 53321 9804 19020 17484 53337 77919 22627 51300 65640 72813 78961 31348 55927 88698 83073 21642 7307 56973 51343 80022 23702 40090 99487 6304 46758 43687 15529 4782 15025 91827 98493 43710 69319 39114 52427 73937 23549 34021 26865 58099 56564 54015 5888 76031 21251 71434 37643 26384 82710 17175 48923 39202 7971 55589 66344 53036 73008 82738 65338 17211 2365 66882 36164 51525 43343 6484 36182 77148 350 39263 29024 19294 54627 45925 79718 4965 16232 25449 86382 57200 40304 35189 5494 97655 56183 4476 47997 64385 66434 20865 60818 23454 27551 16288 46507 9645 69038 37809 69044 98230 56761 46521 74686 15809 83909 8650 24012 98767 72153 76763 13789 91613 58335 2017 85987 38887 59879 15866 2556 29693 46079

Library 624 - Books Explored: 214
84993 27140 25095 48136 22537 58888 75787 10764 78859 5134 9232 70160 15891 81943 20504 30747 78366 56863 2083 550 88103 35884 73773 17454 50223 21553 62001 63029 78907 19003 30267 48190 52798 37436 55364 90181 31301 71751 20552 44109 49743 97366 69719 26713 56412 33891 67173 66663 86120 3690 81009 99442 65651 95859 46718 38528 36993 70787 77443 23172 18054 24711 13453 29841 29332 67222 48796 7848 16554 84656 78000 54961 55473 2230 44222 98495 80063 7875 43206 58569 93898 91854 92367 45262 77013 23256 44250 81627 17121 50406 82665 31469 8430 4335 9459 61174 52471 28925 75519 38145 91395 76046 24848 71449 30490 96537 76060 38690 80674 40229 63783 19239 11563 53548 40237 72492 17711 68912 14128 59186 54585 63289 31036 54589 10557 21823 92480 89409 41795 56133 58181 2887 64327 95559 66378 85836 62798 48974 21842 45394 58198 45913 56154 53595 77659 90462 31585 19301 12792 32108 21357 56177 47992 82809 3452 99708 1405 48512 21377 38791 66952 51595 93580 98192 32146 32664 24985 38810 97690 30108 64415 70559 11682 78246 79783 10664 42408 89006 67508 8116 65975 63418 86972 36797 29118 84927 73150 88517 59335 78280 75721 42955 49611 87501 26575 47568 73683 51156 53716 59861 85980 14302 20447 52192 52194 85474 85988 90600 76778 75754 80365 4597 20984 42489

Library 667 - Books Explored: 5
73064 88873 43725 48430 53557

Library 89 - Books Explored: 13
77537 49601 80963 59141 56709 42953 89613 39342 11181 20116 39542 5593 50590

Library 12 - Books Explored: 93
10240 6145 51717 60422 10766 80921 54304 15401 43 46640 11313 88114 51251 69170 21563 17982 62530 50245 76380 4196 32869 43114 45685 44671 3208 61577 38541 40078 52377 58525 32424 64175 21701 77001 64716 82646 84185 84191 57572 24298 65770 44291 5379 51461 90885 3855 19216 25368 77084 1821 50471 62768 25393 90933 92986 37693 42820 18255 74065 64338 85341 43364 94576 26483 54660 36229 18828 94606 55695 57232 61843 73110 24470 52634 60828 67488 48553 51119 98738 29112 8656 52179 24531 12245 79318 64986 27099 26589 24032 53219 98291 16375 15864

Library 15 - Books Explored: 11
98624 49922 89219 84676 63399 22570 25771 12655 79668 44189 62621

Library 125 - Books Explored: 23
35213 50575 74396 37535 29476 6696 79022 14899 62003 72890 52288 1730 23365 3144 9552 98641 67549 28641 11118 1012 4215 57470 66935

Library 345 - Books Explored: 12
47044 27876 51657 33481 53371 16279 25490 11155 31543 89275 18780 46239

Library 694 - Books Explored: 305
33277 31235 97285 61961 60430 1552 78353 47120 82960 83988 72212 33811 53271 35352 94233 18450 98844 9761 17441 93732 66598 75816 93737 44077 27182 37422 74800 61492 24631 86073 96315 85052 46141 83518 6720 33857 84032 30788 43589 65604 99397 81482 55371 33867 9805 35918 9295 69709 60496 8273 73810 22098 77397 10838 55890 96856 82522 15451 74843 17500 65627 88162 13923 39524 66664 98924 34413 74350 40557 81008 93809 12401 47212 3700 40053 12398 82040 70779 43133 36478 99455 8320 25216 18047 30846 98437 6278 62601 24714 53393 68242 88723 55954 56981 669 39581 85153 82593 63140 10408 87722 54955 97964 51885 71338 72364 36527 61105 44723 8372 92344 76985 63164 45251 8908 14541 51920 46289 42707 74451 10964 42710 80596 29400 17113 73434 58073 35550 13026 53475 29412 89316 50915 14563 38632 66792 85226 66795 74476 63209 14571 73967 28911 57072 55024 74997 24822 91893 9469 76548 80132 98054 84231 53001 32523 6924 30989 50446 51984 31506 9490 77591 59163 62239 8992 34080 87842 29988 16164 92453 67367 69416 99111 41258 95015 83754 71463 90925 84787 15157 13623 72505 63296 16199 46921 83274 81739 22347 88910 25426 90966 14678 72024 64587 74075 15196 15197 15198 97119 50526 91486 51554 55133 77149 81251 39270 43363 50530 23401 39789 53104 99186 85363 43383 15735 3959 77175 74619 57724 86396 7549 55166 88450 33155 48516 4996 33162 5004 26509 5518 59791 35216 65425 95122 95628 11157 96667 1438 84896 65955 42404 32169 65966 63919 65316 33713 7604 13237 51124 44983 21432 42933 13242 9658 98235 23483 64448 62912 53186 68548 43973 88006 9156 27083 92110 21455 42960 20434 93142 94679 33240 62934 66012 84445 58332 28127 42976 90592 40418 23523 17892 84453 4581 54239 16359 83942 83946 74731 35307 98797 65518 31727 87533 37873 58866 9203 87028 74229 6132 11763 40953 79866 39932 36349 10751

Library 847 - Books Explored: 69
64130 85762 42244 51718 6151 4746 89739 32140 29709 69264 77586 1554 39956 79383 54425 3100 22559 74145 25252 6180 66347 37677 92846 9905 34994 44594 9143 10426 76859 32957 35774 42176 15296 57410 28482 97475 39237 41682 75989 24150 68695 50904 57305 20569 76123 26972 24793 81630 84446 7521 52606 23525 7399 47977 44797 23405 81390 64495 65392 25073 24180 57077 52215 19449 18938 94844 48381 55550 75903

Total Score: 1700892
---------------------------------------------------------------
