---------------------------------------------------------------
Number of libraries explored: 154

Library 0 - Books Explored: 249
89603 40455 27656 89610 28683 7180 80909 72715 62989 60944 4113 37903 78361 54810 96284 74784 33315 39973 10284 73775 72752 5683 37940 92730 94267 42557 17983 43074 39492 34373 39496 44616 58955 64075 29259 31819 61524 25685 62548 49247 37367 55913 86636 41071 45680 4213 93817 4731 7292 40061 63100 9857 74370 96897 44167 60041 43658 28809 36490 11917 42126 35983 64658 67732 45717 56984 1177 43162 8351 28322 71846 21671 18088 48814 46257 64691 53941 38069 50872 79038 37567 4290 75458 83655 30407 34505 89805 91345 75985 39635 86227 71381 27863 52440 97495 50394 73947 80092 91865 9441 86242 70371 47842 8930 4328 74985 17643 70381 63214 31470 99567 52465 3313 92397 22260 94965 80118 59126 73467 37116 80636 11006 11007 80650 66827 58636 93968 18709 4374 87833 27933 97566 63263 80160 43297 39198 24867 35107 87332 38182 38183 36651 45358 99630 42800 85809 48946 59703 7481 6970 6973 89917 80191 65856 99650 9027 2885 39752 41289 98633 82252 52050 85336 8024 42332 27998 96613 44902 52583 2407 85867 41328 82801 83315 9591 83832 85368 83834 52090 4476 35197 10108 50047 88953 386 76166 67463 86920 15755 62860 24972 7563 59278 86413 31633 23954 93078 20886 89497 74650 8602 20380 7072 26528 71589 23462 85925 98726 76197 75179 14769 1970 79283 50618 28604 18877 69055 18369 73153 77763 47044 2500 50625 42434 6600 53706 85964 6093 12749 84948 71126 96727 17880 29655 20438 13782 56286 85982 40929 67555 62436 5610 26092 46583 25592 3066 48125 84991 84637

Library 4 - Books Explored: 33
54144 68994 20872 98057 72329 47131 68765 5918 53407 95390 64033 79269 76326 75175 26027 24235 88494 65969 13490 82740 9401 83898 69563 60484 78918 53959 55764 6490 99166 51809 67940 51061 88317

Library 23 - Books Explored: 63
61696 8192 14848 84742 69767 87688 53643 19471 88465 10003 5012 85780 44822 4119 57624 50199 23962 33308 54301 7966 11426 92839 52908 30515 60341 95158 83254 62136 21048 41269 65723 96703 99396 66373 43206 2633 62539 96718 209 12369 33235 58709 7254 24407 54998 59607 70233 60763 92893 40033 68453 25318 96101 96364 93421 10477 47728 96497 40819 35958 63864 8573 45567

Library 27 - Books Explored: 72
84865 86786 21634 37508 71938 43783 70285 14991 30479 61839 28690 48020 86807 79639 55834 89498 91932 21533 98205 49055 36513 35236 37160 63147 69807 71599 89139 15097 18486 38710 25784 1847 17722 33211 70204 84285 64446 13117 29505 4417 46147 92227 98370 67526 81473 68424 41675 19533 26447 40785 69329 44499 28120 66648 44122 75866 88155 98908 6878 82398 99424 3553 82916 78566 3431 28648 21995 11756 99182 75768 75257 10015

Library 37 - Books Explored: 341
98307 96264 57355 24587 49169 61459 55330 55337 30763 81967 12339 26680 57413 32841 57423 80 67666 69723 41058 10340 84069 6249 90219 84100 47237 69766 12434 43160 90267 14493 174 24762 6346 39116 12496 39135 90336 55523 39142 22759 94452 92419 92422 43273 73996 41234 8469 30998 90392 22809 22817 47401 98604 2348 86318 74031 47408 31032 61758 53569 41309 29026 45413 84338 16755 53625 84371 24982 12695 82357 25015 4544 2510 43477 37336 98780 31198 49631 92640 35299 84460 51712 18946 82443 29203 27158 82456 53789 49693 55851 18989 21041 27192 55868 88640 29248 35397 64070 19014 84563 92756 86622 43616 90725 10870 19066 74362 33413 31367 35469 66198 58039 53948 94909 94910 29389 31439 94942 58089 37612 33520 54006 25341 47870 35604 62231 6936 49948 41757 90916 47914 2859 66372 90963 15202 74600 21364 60280 31615 48016 29597 5025 84900 70567 70575 5040 70576 23492 19399 89045 54241 7145 3054 89089 68619 35853 80911 19482 91166 29727 56355 60456 82987 27692 46126 60462 42031 64562 17462 56382 35907 52299 91213 21590 99416 17501 91230 35945 7274 76907 37995 97400 3193 66684 15486 62592 68743 89233 68764 56481 42158 64687 66736 81087 91327 99521 31938 58570 3276 7373 97485 81114 54492 99549 64738 66796 95471 31992 9465 17678 79123 54548 29979 68893 91438 97623 17761 60778 66923 75119 5490 17792 87429 89481 50572 38288 64914 30108 36258 89511 17832 26050 56774 48589 93653 56802 77292 85487 87548 22012 9725 28163 65032 19979 81420 56847 26138 48673 89639 38448 34353 40497 85569 73282 24132 85573 56914 11870 87649 69225 56937 50795 18030 83569 3707 50811 97915 20096 63104 9869 7822 28305 50835 56985 67226 13981 18079 13983 36518 42666 59050 87726 97978 83667 36579 57061 98022 3814 3821 44789 14071 48888 34551 83706 98046 57092 83723 30475 36636 18221 18229 30532 69447 85831 1864 34635 16209 79698 28499 89940 38753 67428 44900 42857 14189 63345 16246 32634 67456 51078 87943 57229 10134 57241 75673 77724 92062 71588 63402 4013 26548 98229 65469 75709 26562 53201 55272 8170 59374 45039 10224

Library 56 - Books Explored: 92
9223 64520 79379 36883 15893 23074 55331 68135 84007 49708 22075 63553 8772 6213 24133 67148 7245 55884 88154 97383 56426 82544 24693 45174 48765 45182 92800 91776 63114 81548 55446 74907 96943 25264 15023 49842 57024 19142 81095 32462 50895 6353 34008 55512 10458 25829 43243 66290 30452 11001 65792 28929 20749 40723 70433 12086 27447 63288 71484 4415 74564 58698 48977 49493 91481 22875 97631 49004 12148 80250 27003 91005 39810 52611 61836 4493 61850 96158 30626 62887 43434 45488 93618 74684 85954 14285 31184 99281 62937 55260 72178 80884

Library 59 - Books Explored: 93
87043 73230 81936 39955 90132 66583 82971 30236 51231 66604 37935 27186 19449 20031 87625 64589 6735 77398 19543 83032 60509 25694 64094 30306 22123 90740 40082 19608 40602 54434 46755 23205 55988 76470 31420 89789 48832 15045 27848 81613 29902 89308 44772 43242 9963 4849 93432 22793 96014 35089 83218 75033 66329 26908 91425 24356 27947 10035 24886 91455 78656 97090 38220 56653 89422 64335 15184 63321 89954 78327 97641 52073 55154 19315 81305 40351 40353 31659 59309 53176 86457 26573 9165 16855 24026 69087 5090 3043 23536 89586 82935 68089 82937

Library 61 - Books Explored: 188
98816 36354 98819 83974 47110 14342 41993 7184 72724 68116 93205 67607 46616 8221 16930 64035 94758 91694 35376 15410 94770 48181 17463 72762 57917 17981 59457 67653 36934 33861 24648 48712 42577 62036 98910 50273 51303 28271 92271 20084 45685 90233 56442 72316 92798 83071 9348 41607 67208 40071 56972 95377 23698 16533 22165 40087 41112 66710 39066 87190 96408 38045 8862 76448 44193 9378 98991 689 38065 44212 25269 182 49872 49365 95448 27866 35036 47837 3297 49378 98533 65765 31463 9960 81641 78057 35561 53996 2797 21225 97017 47868 28414 35583 98047 54020 31496 76555 65296 21780 50965 34582 7962 99611 42271 55072 2336 92452 22310 62246 44839 89387 31025 4921 66362 84283 78146 52549 87878 37192 55114 81742 38223 69457 53587 61781 57685 58711 97112 38745 27482 11099 71514 25434 82782 18265 7009 54120 4973 46959 2415 45945 57721 62843 6010 23421 96638 5501 42881 7041 99204 68487 41352 82313 53135 44943 42391 42903 37278 60832 59299 71086 96177 1461 40886 17845 77753 99258 58298 28602 54724 87493 40394 44504 79322 30171 38878 29156 7144 92653 40944 37364 97782 50167 2038 13817 17405 72702

Library 66 - Books Explored: 8
83776 64577 24261 10346 68530 90964 2621 6366

Library 69 - Books Explored: 181
16386 23049 46602 80905 4110 6672 49683 68115 61461 43032 77340 70685 17953 64037 68646 90663 56874 5675 98864 9267 55348 4666 75324 67132 95818 95309 64077 61008 93273 92252 10848 80480 54883 12390 50279 95337 36969 5226 55404 38512 40050 11379 36980 66677 68216 3706 96892 10364 17537 80514 91269 26246 87175 62607 90770 34451 76437 59542 2711 29849 61082 77980 55454 3231 46247 2741 21174 18615 66234 19643 45756 74428 7874 59075 75466 50382 47311 52943 85718 65239 91353 95452 51933 95459 1252 34534 6374 51430 57574 75508 18678 15607 82174 56063 56582 75527 82183 81164 83213 96529 66834 9491 25878 99098 64282 29468 60702 90402 45346 2852 10021 77093 94504 81707 59180 98606 38702 52016 97072 67377 80183 5947 52542 59712 19776 19777 76098 61760 58182 2894 77135 89937 40786 77660 29544 41844 86904 50043 54651 58237 62845 11646 77181 98689 48002 72576 80260 64902 18824 79241 55186 28570 43933 85406 38815 30112 18343 50600 29609 83377 71090 97205 44470 35774 4542 15808 4033 4039 14792 51148 11738 88039 21485 81902 90094 75250 79861 88566 59383 85502 51208

Library 71 - Books Explored: 13
82273 32802 61220 92774 95756 91534 24334 94351 59569 40536 19865 3974 20784

Library 72 - Books Explored: 200
76291 88069 73734 10775 70167 3097 27162 93720 18972 56860 72222 81955 1572 10276 47142 88103 36390 4137 13866 71719 48689 78385 55857 88628 81461 58929 70712 34366 92735 6208 73793 63046 34376 46154 30284 63053 72782 10317 33869 20561 59996 81500 86109 90719 28255 25702 47206 58984 25709 78959 65146 61051 78973 9856 81025 22658 91777 18053 32392 31883 20623 85137 22161 88210 8853 60056 34974 27296 36000 92321 7335 55978 73391 46256 27830 95928 14520 88249 78010 83647 80577 99011 50375 67784 33994 57556 39124 79066 29406 79589 94950 62693 93926 37103 60659 84724 22772 14583 20727 53499 3837 98560 15107 99588 8455 4360 13577 20234 79626 58120 21774 78607 16144 67342 83730 80655 17692 81184 76071 66856 37679 81199 59698 53561 15162 89915 68925 55614 23872 33090 26435 63816 30025 84808 81229 75086 13649 54610 24913 75094 3417 95066 25948 10077 52574 81248 48992 3426 58208 93538 16743 34153 31082 47469 54637 7022 80241 30066 54133 70520 21370 98178 65922 41861 69510 9607 43911 403 91543 14329 22945 6562 93609 944 76210 76215 67516 76222 33215 30142 11204 34245 27079 29640 65994 79307 58317 14803 57308 11749 94182 74726 61414 89065 94184 98285 11252 64505 91645 87148

Library 80 - Books Explored: 154
62471 80395 68119 48664 7708 19998 52254 45600 32801 86051 45607 70188 13869 34868 83516 35901 73795 5700 74313 49740 31310 74837 62553 59994 76379 14940 85087 28257 44136 8302 29294 14961 38519 48766 66178 59014 12936 76936 19599 35984 12945 92819 70291 67225 5792 21153 32932 60582 4776 41647 12976 89275 44220 28863 75967 64191 72388 42182 92871 60616 80588 91854 55506 18642 42715 85215 61153 91877 53478 52460 28910 85232 17651 86261 21240 7425 70404 261 7430 75533 40720 57111 66328 87322 81180 21793 95011 3876 24357 54063 77114 43327 30015 99648 5957 97605 32071 95052 13136 2896 12119 9560 4953 58714 75613 98658 85347 94061 15217 12657 29043 53620 36743 70535 5001 9099 59275 19854 4501 22933 14743 71062 85913 22427 60316 84380 23454 94118 27048 52139 24494 89521 6069 39862 33209 97212 63933 84416 52161 82373 95686 24023 75224 34268 47588 98793 30185 39915 1522 11251 23541 6651 56829 38398

Library 81 - Books Explored: 2
18456 79511

Library 82 - Books Explored: 279
32256 10755 74244 62979 14854 79367 93706 59915 70156 1037 96783 85007 62994 62996 84501 10262 43543 96280 93722 3103 33823 39969 15908 16933 81450 87600 6705 10802 90162 70707 57908 89648 11321 15931 31292 85053 92737 97857 72773 45126 14413 33358 92751 52304 94801 36435 63572 60501 77399 19544 3163 40032 67682 90210 85604 63589 75365 87146 64619 86124 11370 27242 83570 3189 62070 42102 72312 85113 34938 44155 43642 70264 59519 48256 55938 27270 94345 55436 1164 76430 95887 81552 87698 46226 61588 10902 31895 41626 19612 37020 1694 73887 94372 43685 31909 39591 43688 88745 39593 68773 85672 49837 11946 80559 28335 71343 54962 48819 93366 49339 51388 18621 33982 88255 99517 53435 65730 75459 11451 17097 66762 94922 39630 37587 91349 28888 83672 50395 94427 41184 10465 31458 27365 24571 90344 67820 9965 40175 91375 23793 69359 32501 10486 40696 29433 70907 14588 93949 29438 59643 32000 9480 54537 89359 88847 3857 91410 63764 6420 5398 280 83224 32539 82204 93982 51488 31520 21283 59174 55595 50992 92980 79158 76087 1848 69945 66872 2363 63804 63801 41792 34115 21316 26947 96582 18759 50504 836 49994 21839 98639 31055 23378 56149 17238 75095 84319 38241 27492 51045 13668 14186 20844 64365 12655 40816 9080 42879 94592 63871 73652 44931 28549 3975 34696 49036 49038 87438 81296 46996 60826 52122 53147 83871 91552 83882 65965 90032 2993 8114 1458 85426 35251 61364 87991 57780 49074 81338 90555 44476 89020 86971 53693 41916 37825 39365 7622 45003 51149 89039 56273 88018 7123 97236 94165 15318 79320 82392 48093 38877 8159 60385 44011 78828 76268 21998 33262 91118 73714 46067 26100 73204 87030 34807 64504 99833 14835 57333 35839

Library 85 - Books Explored: 6
17122 2631 37293 3925 59961 56350

Library 87 - Books Explored: 54
51201 25091 90244 24582 55432 77578 98699 73487 70416 91921 74132 91286 23447 61597 80798 78371 92198 53031 49705 90154 79401 84269 14768 58291 44854 73786 14529 27586 1732 92102 97481 28748 64211 3412 9817 29148 29405 70494 37239 68576 99933 20836 86502 85226 67819 14699 17135 73969 81138 24180 40181 7796 91127 34116

Library 100 - Books Explored: 103
25600 88071 89105 12311 78871 91673 17435 66077 28191 7200 87598 7217 27188 53307 50236 67652 36424 51797 58455 8795 42078 69218 7266 94818 39013 35943 55916 63084 9326 5242 40063 1156 71818 98956 42659 4264 45749 4797 46269 36548 55494 70345 99533 82138 35555 77554 35591 69384 9482 6417 18722 61228 55086 94515 23352 65341 92989 56129 3906 51523 40263 17224 39753 84299 3917 95059 58201 46937 29023 38248 67946 33645 17774 7539 68471 86908 71038 79743 48005 12678 64912 27539 75159 13722 73628 73632 33698 52137 43948 16301 57776 47536 9655 27066 40386 4568 62940 62428 97263 65524 34812 42494 57373

Library 112 - Books Explored: 224
16384 39937 38408 78857 22541 67597 6160 89623 45082 36894 73761 42530 17956 30757 66597 16429 9263 3633 73265 80435 16438 41015 7737 5183 2628 87111 55368 51272 99405 12880 75348 68186 92253 22625 78433 10861 4206 76912 26225 76402 2675 33394 40565 97397 15993 23674 82044 125 83583 20098 45193 3213 2704 51858 36505 37018 68762 94877 10403 42660 61604 52389 99492 34467 36521 47274 13491 22708 84660 72888 7352 1212 93885 56512 73410 5314 37575 4808 96970 69835 28364 77519 50384 14545 18641 3795 5844 54996 13523 11991 84687 45785 14555 71387 37084 64222 32988 57060 35556 97508 75500 82673 50419 14581 56566 67833 54009 85245 67326 30976 56065 49923 8967 47367 56071 56081 86291 63254 19739 93983 44833 48930 15651 2340 8484 42281 19753 43820 97587 96053 7990 59191 69946 20288 58689 67395 99652 97092 42310 72520 91977 83795 96084 7512 64856 20315 860 25444 81769 17771 18283 16749 66414 97135 82288 87407 31090 71540 20856 63869 27518 99711 60288 80768 43910 16777 47498 18829 92051 65942 99223 3481 922 74649 28573 86432 39331 84389 42920 69548 33709 89519 64432 14772 38326 27575 1464 7095 47031 27579 91582 68544 88512 62913 5572 12231 8647 24010 25035 59852 61392 49105 77266 73173 83926 15830 24022 78813 69088 992 74212 14820 45542 96747 10221 39405 51695 69615 85488 37875 93685 25595 82428 14516

Library 125 - Books Explored: 109
22016 93191 60951 87068 36382 72734 33826 35883 52780 3635 46645 49721 21056 31297 85059 36940 3664 29776 28754 99931 14427 15453 32350 84061 87648 5729 47720 95854 48242 44146 90231 72839 27279 32926 55969 95910 84136 24234 85165 83631 51376 81583 65202 55983 80565 85685 76475 73406 52427 13010 24274 92888 46305 36070 4329 46326 65282 15106 20741 21256 65808 91925 56605 42270 37154 26403 17699 63282 77622 16186 8509 11069 69951 86336 90950 91471 50518 35160 75106 35684 12140 86896 79736 39804 98686 33151 27026 1941 82329 68506 56219 70044 96670 19871 66474 39864 20922 97733 89038 44497 71634 16342 45016 18907 58336 20979 80885 91126 8183

Library 140 - Books Explored: 50
94978 36485 48144 14739 49429 20631 97176 92443 54811 83868 16925 98338 77859 50851 52516 64297 7341 70446 32941 62382 7344 84018 7347 67642 7739 68031 33091 36804 9415 20941 87245 68429 84944 31698 80596 42964 51029 9208 12514 25186 80997 60265 84970 95094 13430 3704 55418 637 73343 65084

Library 151 - Books Explored: 95
61952 98821 7687 90639 66577 39443 3607 77848 12831 81440 62501 15402 52268 63020 46133 67648 18503 35915 9294 85084 93278 94817 64097 99426 83053 53871 60018 89720 21629 86658 63638 82583 53402 22172 9374 41121 61090 18087 8362 71854 20146 89276 77500 74962 31445 46808 4313 13018 83675 36063 70890 24814 2800 61686 11511 83191 66306 26883 55047 38154 75019 93964 50964 74518 50463 3882 42289 67889 17215 17742 42330 52060 85343 82793 29044 94073 89981 53118 13695 40324 57737 20367 49043 96155 87974 34736 61361 37301 95672 46008 94143 12227 22487 81887 46573

Library 157 - Books Explored: 314
14350 14367 98340 63527 49193 79929 92222 16453 65608 61516 92262 45162 39021 86135 34936 51321 39035 69763 39061 63645 84128 61609 16560 80050 26814 2242 35012 28889 12506 94431 26855 2286 37104 35057 26875 98564 69894 57606 6410 94482 35096 76060 31008 63786 71990 67896 31039 61761 69961 88399 90454 57689 16731 59745 22895 33139 18805 24958 98694 82315 82317 37276 96669 33182 61865 20912 59824 51638 43456 49602 10692 8659 41436 88555 82416 88569 16904 96779 45585 82460 66078 51743 66083 88617 51755 86576 94780 45630 29280 64099 12900 86633 51831 33410 23170 37513 19093 86678 96925 66212 62116 68278 27319 53944 64187 23233 15044 56005 2759 47822 2773 4828 60130 88803 6886 27367 99053 72441 33541 84745 66315 25366 88872 74537 95019 27441 86834 84795 66365 72513 19274 31564 74576 21336 25436 88926 64350 62302 9058 70509 70517 50050 48003 48009 72592 68507 27552 50095 76728 3000 13244 82878 84955 50144 52200 11241 56299 89069 27631 33776 1012 70647 23549 93193 29711 58403 82986 85051 78907 29763 66630 21574 44111 80976 74834 36855 5206 56407 1115 27742 76897 48229 50277 81000 25712 81009 85106 78975 87169 35971 1162 42128 62612 76949 99479 25766 21674 29879 62650 87235 60624 44246 81111 5348 11492 44271 58610 60667 32009 64795 48422 5414 87344 91442 27978 40268 58703 81234 54622 25962 91502 3439 58737 46450 60787 7557 3465 54670 54701 75183 38321 56757 91577 95679 44486 79306 48591 36311 91609 7647 67042 83439 7665 15868 89608 62992 34321 15891 83498 17964 30256 36404 91701 30266 42556 46653 50758 67142 32341 32347 54877 46690 93803 7789 42622 40583 3728 87724 16056 34510 32477 59103 14049 34540 36588 5876 9978 7930 18179 91913 3851 46899 24380 67393 85825 91973 12104 28489 1879 91991 96093 85858 67434 42860 65389 49013 53115 83845 30619 20385 36771 61358 22448 61375 14278 30670 65527 69591 14305 65510 77803 45037 73712 51191

Library 158 - Books Explored: 266
85508 3076 97286 3079 85003 67595 34316 92176 21008 5650 64531 90646 21015 53783 99353 15898 70170 94752 74789 34854 37927 42024 2552 34346 35882 13357 14894 25138 54324 30773 81978 5179 24124 54845 3647 41535 39489 50240 68675 11332 8261 30277 36422 90696 79433 76871 37966 59983 59472 62034 20563 63060 80985 57946 34393 71260 65117 36447 18018 14438 9831 72811 84076 45676 43628 28783 87663 86128 44144 41588 1141 85625 2173 76417 10376 49289 47241 30863 38033 98450 6289 17556 67733 6298 21147 11420 15005 60062 91810 27813 24230 23719 86694 21161 48303 39091 29883 70336 15041 92864 13508 33477 3785 58060 41677 1741 21199 80592 52940 61649 45267 89815 82652 27357 22749 77026 5349 41702 26858 71915 81132 79082 7406 9455 18671 77555 8947 83701 74485 34037 74487 75513 49914 3319 77566 72452 60677 93446 37129 71946 34062 8975 11024 81680 69910 62742 12057 66330 26397 74014 83743 91423 67359 6429 64804 87846 22824 54571 53549 35117 70449 13618 2867 6451 94004 82738 48951 84282 48445 97598 74047 48958 85313 94526 61252 86853 59719 83784 87369 89929 14665 82247 3406 98128 96593 10580 43861 8534 38743 20829 63839 28000 58211 54628 84841 3434 97650 68466 73077 66424 1406 3968 19845 79751 9608 20873 14218 25995 48012 24973 84368 5009 42387 3988 53141 407 46492 60831 34720 43427 59812 66981 22951 7591 97709 76205 81842 46003 34228 91573 35254 33203 59320 44985 32184 90043 9660 446 29120 12226 72131 81349 91079 49095 28106 4555 11213 16852 23512 10200 61402 29144 55258 50142 21986 87523 32232 29163 36845 42477 99315 41460 29174 93175 30200 97785

Library 164 - Books Explored: 29
38146 30470 74503 83720 62472 73356 30742 7195 57117 45216 89894 52394 92975 22960 89018 50497 6467 20680 25033 93768 38473 39244 81108 53979 32861 74345 61295 57211 53156

Library 178 - Books Explored: 57
5378 85635 65929 43787 14477 85519 73877 90775 35607 97817 72608 25505 75937 24227 16418 25511 99881 91828 30134 76727 56759 22584 13371 41020 76731 90302 93371 18624 11195 82627 88131 73669 20422 8520 35785 17481 23883 64972 53325 17613 80584 33357 51409 6091 79443 31703 66266 46299 59869 85986 73443 33254 7276 78446 78328 63866 5372

Library 184 - Books Explored: 96
80896 31239 27660 97295 66588 87087 86064 8758 65 73283 81478 27726 78414 45651 603 38492 71261 15966 86113 57958 75375 62587 80508 45692 21631 60033 55429 3206 45208 37017 59034 97951 51879 34471 96428 10413 98996 51385 15548 1215 706 8392 76497 48347 17115 88286 81631 45283 3304 27370 20719 47344 82678 63736 45827 58628 5388 4877 17680 40729 75548 23840 45857 94499 32042 35634 19250 62264 99129 95554 65861 84293 41813 66902 93019 51569 68468 94591 99714 4506 66977 2473 20906 90031 65475 90062 41939 74200 75741 95709 62950 39912 43498 45038 16883 8425

Library 191 - Books Explored: 172
67584 48643 98827 57877 35863 98841 74266 22555 11293 65571 45605 24619 61484 38445 34860 46127 68657 67641 8252 86093 81999 26197 63573 49241 44131 23141 45672 77929 95850 68206 63599 97903 38515 19574 633 87681 5253 95366 2187 40588 4753 8347 49308 45211 69790 77983 47263 20641 11427 46244 62122 89261 75956 36537 72377 78523 34497 72386 86725 21191 42183 18636 86228 13013 58072 81628 42718 22751 43742 54495 66279 30956 78572 15086 16624 66291 5365 89333 57592 98048 88320 36611 37642 48397 30994 20754 84756 59670 44824 2845 50461 99111 60200 49963 21297 14642 69937 17204 85303 74042 4924 71997 92992 72517 8007 97096 85833 95561 10751 48461 19279 18769 98645 34645 19806 22883 29029 97638 74598 7525 92525 43887 84849 35187 59763 86910 31103 41347 36740 12165 32649 46474 40843 74130 94613 21911 92057 28584 83881 97194 17836 16822 11192 49594 24506 96189 75199 90560 21441 52167 22473 27598 31695 56275 51156 4563 34771 47571 35802 61915 27099 4576 71649 55265 28644 80362 62958 63988 3575 44538 73212 34303

Library 202 - Books Explored: 27
24837 80647 8459 54156 78222 85648 13591 37272 79783 77488 14770 38706 43387 37429 8887 64825 47813 20295 94808 36825 31837 92132 22889 11629 20207 24816 5627

Library 209 - Books Explored: 109
82432 62980 6150 21001 71692 35341 71694 83986 39957 29207 89112 1052 67107 63013 79402 23596 34865 81972 49217 56903 72777 41049 57945 84574 39009 48739 86628 78950 36463 78962 84594 64629 55420 59007 51840 88707 30854 56456 45710 69281 13985 22692 60091 2239 56519 55495 66250 30940 56037 36072 17129 96489 47851 88808 74476 67309 34543 53486 41204 89846 84218 61183 84737 3850 1816 796 78621 68385 10529 34602 62766 10037 45370 25406 331 73551 35669 66901 63835 82269 33632 70504 76136 13171 32117 88442 18304 56713 11659 46989 15250 9635 42408 2984 18346 72108 39854 42941 94654 19917 36301 21973 88537 10206 23520 34273 35826 17906 43006

Library 233 - Books Explored: 13
20353 56514 17990 72359 77384 18159 96984 16149 6552 15738 47390 26943 58815

Library 239 - Books Explored: 71
12800 25601 9601 67972 49799 35976 33161 7690 6923 27405 6799 64146 3859 67475 3861 3222 46359 59162 35995 36765 84383 76320 41506 63267 27939 81318 70695 79784 38444 83758 95407 7345 57011 5174 12087 97081 86841 66492 12093 55104 60608 44866 58306 5954 61765 49350 12743 91208 29516 22865 97874 56147 25172 94806 60118 9175 78678 23258 72544 29027 33379 34147 49254 93544 66028 28017 82804 79863 61176 72313 30844

Library 241 - Books Explored: 40
34437 73095 30992 28434 20761 83226 70046 39968 94881 58017 91426 29217 42150 75691 58032 63153 50864 2865 8120 9537 79553 75845 53831 58827 85202 20055 11483 34140 41961 46700 35565 60020 15989 29688 64631 63992 77945 67963 18729 25029

Library 242 - Books Explored: 97
37892 94725 67593 17933 96781 42511 49174 34329 5660 11812 84005 94757 58919 79920 95296 11331 53320 81996 33364 63064 32858 12896 96865 63075 98423 48759 15998 94339 59530 50317 10895 12435 97427 34971 23206 94394 37570 3786 78544 68310 81625 57563 18145 84195 15076 92904 43758 5870 24818 30451 30964 90364 65278 92933 23309 15635 63767 4377 90908 91934 53026 5931 12081 92467 84292 15689 38221 36182 86359 88412 26466 33638 65383 6003 20339 85877 43398 93575 59270 41876 20383 26544 41395 33716 38343 29132 64978 92629 97752 16347 80862 47075 5609 48619 75252 70020 25171

Library 244 - Books Explored: 244
28672 88577 3586 91137 9219 95232 82438 86023 54791 20995 43022 39951 68624 60433 99861 41494 95253 39456 59428 39460 80420 88106 39472 31282 562 63541 571 14398 70720 94784 91203 1605 28742 9287 32844 34385 99924 6741 32340 72792 49754 61533 54365 57437 70752 94302 96866 68195 47715 15461 85599 7784 23147 60015 5745 50292 24692 20090 65660 41599 71809 1158 90247 87692 76943 94866 90774 29850 71322 17566 17567 10400 86175 51358 97445 30886 74406 83115 27309 46767 31920 80560 90802 12979 6832 65715 81082 62140 78013 59070 16061 10432 92358 98503 87752 84176 11473 14547 53464 49369 62170 35547 49368 49374 70368 43746 90852 6885 5864 66792 34538 73215 96493 89839 61167 78578 4851 2803 89331 65785 58621 19198 17666 69380 5381 95495 79111 52492 67340 14094 45843 44821 60695 86297 41753 96546 71460 50471 7983 10031 57655 34616 9016 70462 96064 63297 61764 69958 97100 56142 23887 40783 96081 38228 18264 76634 9050 93534 32607 85855 79199 88418 75109 73063 80744 22378 21357 39282 9589 75127 64888 31609 93049 96124 36735 49024 95105 41866 35211 52620 62864 64400 99218 83347 18326 10650 51611 28576 49056 40873 74665 11691 48043 34734 83378 37811 85940 55733 89525 86454 98744 9657 94648 56251 52663 21951 81856 75713 55234 3522 63426 62406 6086 19912 5065 57291 40397 1485 80845 43478 54231 1494 85462 4059 8156 40924 13278 37342 50656 14307 52198 57319 68072 38887 27115 41968 54770 59381 5621 94711 27132 9726 45055 18932

Library 245 - Books Explored: 318
20496 59421 63518 32798 86054 10281 71731 16439 96316 16447 36933 71758 30802 53332 59478 26716 26717 63590 65646 51313 39028 47220 49269 86134 24706 53381 90251 67746 22691 43183 53434 45247 61636 49351 22728 203 75984 82130 45266 71891 65755 84192 45280 92387 92394 73964 82157 12538 98556 8444 49406 65795 6405 30983 6407 82196 35094 6426 41259 14639 37171 10561 47428 57673 14669 37198 49488 24935 16747 94595 70022 98702 29075 88471 70042 22943 29088 4521 31150 43440 31152 2502 88524 90582 72150 47577 92634 45548 68085 41467 43516 68103 12813 35343 6675 96797 31261 70175 25123 76325 549 74277 29224 84525 27196 10814 41536 82510 59986 62035 33366 33376 25189 43622 33382 2664 17017 23164 82565 37517 74391 84632 68256 90785 58018 12965 82606 4782 2740 12980 10932 4803 45765 41670 31451 19164 66269 2789 64230 33529 78626 74539 66348 97079 62275 33606 31562 76624 41827 50022 54149 35718 80779 43917 60306 45975 80794 5024 52141 89006 15322 7134 37872 46078 74756 46084 93202 9253 48167 91206 42082 66676 52368 93334 74913 23713 9382 54439 19634 11447 13503 58562 5324 60620 66766 23758 62679 38106 72923 3292 52449 15588 83177 68842 64748 1267 17653 83197 48385 95490 19733 1302 17701 93485 50478 36144 48434 95547 56637 93501 66888 42321 91479 23908 89445 89448 71018 95595 46447 52598 75129 7561 79254 34209 83366 99752 46507 11706 50624 15812 19909 93637 28105 87497 38352 17875 99796 73177 93660 89568 95713 52710 24042 19948 50679 9730 73221 3597 83470 58901 79385 3610 22059 13868 71212 38447 75320 69178 83519 1607 89673 99920 61009 3667 67163 48753 5746 73337 3713 81561 46750 30369 71330 11944 5816 26299 44750 22225 79572 75476 67311 20228 5897 32533 46873 79656 5943 51012 77647 83799 3931 61278 89965 63343 71536 79733 96147 47002 90015 85921 20389 53165 22447 36783 14258 71620 18372 30664 85961 18380 85975 75739 88035 75751 71662 79856 53234 96252

Library 270 - Books Explored: 124
68099 46087 66059 56844 74766 43541 62491 45083 86043 69666 35878 22062 43058 29239 10296 75322 85052 19009 25675 21582 33360 21589 26713 90714 2651 36446 89190 24679 35436 85103 12911 35953 39025 61049 98944 8833 97411 70789 54417 27797 76950 4247 97943 26273 55460 41642 20666 93882 39614 67780 26824 35530 91340 42197 50919 65263 31472 42234 74496 73472 24836 47881 27919 43794 77075 69396 17687 33049 98082 82212 49958 28968 15146 2860 5936 47920 56114 99632 98112 57669 79174 20813 18258 82260 63319 43867 71006 36705 58725 68461 73076 57718 96633 20868 36230 34701 17294 2450 78739 54683 6556 19355 25500 96169 3502 65455 61365 63415 96184 4045 30158 14804 29654 91608 8153 94171 37343 70628 17385 74731 40946 73717 11254 50174

Library 304 - Books Explored: 121
12291 43533 17421 48141 87583 46624 23587 69671 62004 97339 41026 96325 66650 6748 72300 22124 51314 25717 35450 84602 77435 13436 16520 19082 91275 36495 88727 49818 54437 79017 5290 36011 84142 33455 72370 27316 84149 77492 52407 5307 5821 25283 45778 12499 34516 48858 39648 15587 78055 47336 16112 13553 78066 57586 10480 87282 63224 19194 78074 33533 42238 21258 83217 66327 54040 49944 20249 65823 59169 66339 18212 34086 26919 9529 23355 9019 91976 39760 1883 77150 53599 72032 77154 30567 80237 22899 1912 35195 42367 34695 48010 92042 38796 55693 68495 93076 67482 90526 23970 79271 29617 65980 39356 50628 31685 81864 59850 19916 72141 33752 83930 1501 9181 92644 18922 67566 48111 47091 91641 33786 76797

Library 316 - Books Explored: 89
96259 40476 3612 56351 33313 93231 53297 1591 45114 10299 68092 70723 70737 94807 2137 52317 2659 40043 52354 74885 66694 65175 47767 76449 47273 44721 77494 61631 26310 52935 32457 41167 81105 56026 59112 54001 55032 32506 20218 72445 37633 7426 87306 76044 50445 37133 5903 84755 77078 32542 20767 94497 26928 71985 1333 37184 40782 16725 72022 23895 11097 92513 99688 94063 45424 13679 1910 68985 91004 9600 52101 55689 49042 13219 14244 29628 65990 83915 48088 8676 57317 76779 60397 7152 48626 68083 80375 56828 79359

Library 323 - Books Explored: 132
79876 12292 64007 26123 14348 95759 59922 25116 86560 46625 80419 49188 61989 67626 2608 13880 96314 86090 20554 51793 4191 81506 90214 19562 13423 33393 43633 68722 89716 37500 69761 59526 9352 39569 5778 25235 9361 10908 27299 63140 4774 87719 67239 69294 22191 8883 24758 67770 66247 53963 206 75477 40155 30427 10977 85221 29926 34028 52467 83188 47862 3833 90888 86281 7950 784 98578 3860 52506 19232 90403 32549 73516 47917 1846 2360 52027 6978 97603 46407 72519 74058 8522 57676 47949 70485 23384 90458 67430 61799 6000 19825 76657 87924 15224 89470 49022 31619 52612 92559 68496 53649 96146 92056 7074 41379 83364 65447 99765 40373 53175 77756 26558 41407 91075 99786 80335 46040 7131 82910 33760 69094 90606 83438 49647 42483 16884 92147 10742 73719 58874 30305

Library 332 - Books Explored: 68
44291 96777 40205 99086 66448 49041 90258 52499 53012 88468 5526 52625 80024 71191 21778 18461 28574 68766 55456 80930 83363 81447 96040 19625 8874 24360 22443 51117 62457 62760 63409 70580 4661 31542 69561 41658 99260 77116 68799 37060 71492 77638 89290 35021 39805 48973 76924 62033 54355 7891 16728 98779 15741 71646 67038 52830 15869 6371 57322 5233 97781 27381 96887 26489 96378 84988 70013 40702

Library 343 - Books Explored: 87
57345 34306 14341 20489 51722 38921 55821 9741 65045 28183 22045 95270 66087 94256 28721 76340 5684 72768 34368 62016 41539 35402 46157 66639 66642 46168 62560 5732 24176 63601 54909 7293 63616 71811 39602 21691 10940 27339 46284 48346 46810 35548 43229 47844 83173 3816 74489 50427 1796 69893 9992 91132 89872 19761 17715 36660 65333 3893 55106 44356 63306 99661 31570 23893 20317 20318 79714 89443 2918 48507 29056 50565 76174 35224 1945 57253 63937 6085 56777 13258 15819 7120 88023 12249 75227 31709 26108

Library 350 - Books Explored: 51
83587 13060 77831 90632 78092 41613 98959 57873 84628 94998 70556 6044 46369 81187 17318 23470 41266 34611 74164 79666 56119 23480 59450 86586 11710 48062 7360 64834 43972 89157 83782 72013 36942 63058 4819 3288 62559 76768 32097 33507 50020 99815 4332 85230 76911 21368 86137 60922 43004 31485 23039

Library 366 - Books Explored: 94
8194 42502 11284 87576 45592 38940 99883 89643 60469 29752 12862 56391 42060 60502 51312 95348 75898 72828 10385 71313 40595 18071 78488 98983 10938 8395 56529 55511 94937 23771 65247 30432 71401 65262 79089 76532 56055 91392 6930 15123 53524 24340 79638 11041 48421 89909 83772 43326 60735 71495 36168 56650 31580 91487 17252 99180 62455 70516 89977 34170 34683 49531 99705 88446 56712 75658 62866 85395 59798 8091 42398 84896 97698 42917 62383 80816 78257 17334 86455 91064 88504 26043 36285 3008 54216 90574 47574 85463 20450 10733 95213 39923 90103 50171

Library 387 - Books Explored: 137
28160 4097 17415 98316 41487 59411 74261 12312 59416 40477 91687 6696 26155 88620 34348 5169 4146 26677 72766 24645 73798 53318 37967 23632 69711 35408 31827 23642 2139 30813 76381 11363 97910 2680 48249 50813 46717 33407 46721 16518 20106 92298 57488 21146 75421 76446 64160 53414 51368 28329 82601 58543 18100 1719 89272 65726 66238 65222 61129 44748 15053 28880 8410 95451 58076 41697 8418 63205 10983 98541 69875 29941 41718 40694 79104 59137 64774 97044 29478 62764 94508 58164 43319 42816 20801 56131 75079 93513 30545 35154 35667 23892 47443 81751 81756 61280 36197 38758 4455 8553 47465 81263 74609 72052 96630 39813 50056 31636 24983 43928 6564 95141 75174 44966 81319 57770 18867 11701 34749 11212 26063 27088 41944 33245 85984 98789 10222 61935 21488 86513 81917 56822 38903 58873 18939 29693 23403

Library 388 - Books Explored: 170
84480 13316 91141 59402 18975 35890 86579 75316 37436 62524 99389 75326 67138 79939 21060 51781 22598 69191 45640 44619 84045 1617 82515 51285 90202 58979 30825 15469 17008 20080 28276 10357 79478 56439 30843 20092 13438 58501 8844 14480 37520 52882 8851 69778 77971 71832 87197 22177 69794 49319 55977 19113 26287 10418 67259 59071 66240 90306 22214 199 9414 2761 65226 68297 27340 63183 71887 85201 58576 52436 19673 42203 88796 91876 15590 93929 42220 63732 13561 49918 99583 77055 2308 84238 50449 15126 3351 45334 76569 98074 64794 35610 52000 86307 65834 92972 16173 44336 56631 85815 64322 65348 59210 19276 52557 49999 3410 82259 80724 42326 33624 17242 52571 51548 61789 66395 64354 23913 27497 21869 20848 68977 41842 69491 23410 76667 17276 53123 82308 13701 94086 3461 1928 31107 48527 63378 99219 60309 26517 60317 62365 14240 89509 81831 2986 41390 35758 81840 29107 82355 32186 61884 95677 32190 72129 79298 52680 41931 19404 11725 41425 36822 73186 24551 91626 98284 10223 5105 93179 83806

Library 390 - Books Explored: 232
25088 33283 55300 32262 59911 69640 37897 54282 99324 86545 8210 11287 55837 53792 89632 13348 41515 60974 8243 71221 62019 38467 25157 85575 7241 72269 19534 72272 7249 36436 55382 44630 53337 73822 7263 13407 66145 610 20579 4199 8808 40553 20076 58476 95856 86130 62579 34932 99960 87162 77947 16509 9855 21120 69252 32389 12422 88718 51857 92306 8855 2200 52889 56473 8861 33951 45215 36511 92834 74911 79013 9384 86185 42154 9899 66731 16558 41136 180 61109 74934 62648 96960 83648 49346 30915 61126 42186 58059 9931 98508 69846 73943 71385 11481 75996 94941 9437 58079 14561 44258 65250 25827 96998 230 48360 76010 62700 97518 83698 78580 15606 81143 42744 82683 82684 21245 83199 65280 89351 42760 30987 57101 71438 71951 60688 64272 83731 89363 47898 64796 9504 49952 96548 33061 63272 14636 91436 33080 24893 11581 68417 9543 61768 1866 9547 12619 12621 60750 3919 4944 63818 46928 72531 1367 60254 83809 90468 30564 72550 76647 21860 38761 71530 33129 42861 7533 92015 32621 30067 92020 90995 51070 56711 66445 76173 11149 96144 80788 12700 10655 38816 15777 7587 68006 78758 96680 70058 44971 21419 18349 2476 53167 92591 85425 57265 10165 71609 74170 63932 72636 24517 59848 28617 34251 93132 92621 62926 39888 85969 25043 38868 74717 92126 2529 80357 52711 32744 55785 51687 25578 44007 62957 55790 52718 66542 78321 76786 60914 88055 67576 48124

Library 393 - Books Explored: 119
18433 10758 92679 32264 19978 38927 53780 24091 4133 74278 49191 90153 74289 40500 76854 32830 31810 81997 63569 52821 90203 16476 47709 21097 17001 38513 54898 57972 13940 73335 67703 23677 57994 66699 30351 28304 96913 72850 90259 81551 668 83102 42148 33962 43695 72883 22199 35005 57023 78534 42189 7886 80595 7393 2281 83693 96499 23802 77563 58361 9986 66822 93962 12561 79640 19237 49447 98600 77108 63810 93512 51530 15179 63820 11085 45397 48472 99163 96094 75103 94561 37735 61807 56175 39281 20851 27512 33145 51576 63867 42364 32640 53634 62851 7051 908 9102 90517 99231 62370 62884 71077 96170 66989 25007 73139 55748 50127 77274 96223 86495 37345 40417 8174 65012 64501 8697 47613 96283

Library 428 - Books Explored: 59
12416 73731 62468 25605 35849 39564 31376 51344 2835 88214 14999 40728 65431 7831 94493 63776 84897 79267 94375 20649 2089 74541 5681 98999 63289 11705 93499 43323 71483 46272 81984 46403 63304 47050 83659 27212 34637 69455 42192 90578 5459 61527 5337 58203 39517 91617 65377 64359 76521 71788 79596 86125 73459 61428 60789 90228 68211 12796 76798

Library 443 - Books Explored: 296
18945 97281 7175 11272 13831 22028 39949 86029 69648 96785 28178 16917 3606 75288 86554 93211 68636 40988 82972 6175 79393 64545 42533 47144 35369 94251 3116 5677 43566 64048 72246 67128 94269 28735 49728 33350 20040 8776 95306 23630 20559 65616 77904 10834 54867 31316 8785 33880 37979 8284 91741 8796 47713 86114 57954 67685 12903 78953 58986 32363 84588 84586 69738 625 44657 23156 70263 27257 70267 17532 62077 56446 46715 81024 66692 646 33416 72842 72335 69264 60049 23699 32916 70804 71318 49302 60051 90776 82074 20124 66717 79006 79519 72862 93341 39586 25251 54436 48293 50342 21670 82087 28324 3240 80555 4780 23208 1198 93362 11962 57019 47805 44734 46271 82114 85698 64708 79048 56009 65738 83150 66254 62673 78038 34015 84703 43233 23778 61665 73957 58598 40167 28392 52459 46316 62192 85745 15090 26353 90109 90357 94966 62705 16632 44793 75001 38140 765 78082 96004 1287 28425 86284 20238 51471 41232 4880 16655 70419 55060 43796 70423 27416 69915 70428 31006 32543 24864 66847 83747 60712 68394 95018 92460 47405 38701 42797 43821 35121 59697 70453 85814 28983 13623 69430 23354 315 10554 15165 1346 29509 75078 37189 85830 7497 77130 22860 87885 25422 74575 82769 98130 90452 12116 96086 9047 84312 57173 91482 97626 77308 5470 24927 6494 31584 866 30051 59235 90467 55140 90983 69992 77671 3946 21355 86380 80749 27501 37234 57204 63350 41335 85878 94587 6012 50556 57726 54140 89984 39297 39803 13188 57733 71046 27015 97676 94093 69005 40335 86927 91028 64921 32155 79264 47525 31654 53673 27050 40363 31147 29098 39775 48055 30138 68538 47548 49597 88000 3010 38856 91080 74192 39376 51158 11227 53213 71133 34783 27616 16868 76773 44006 29158 33256 11753 90090 97768 16878 44017 52724 85495 97786 53243 59900 16892 99580

Library 447 - Books Explored: 111
34304 98311 91678 3621 51246 75823 88622 32308 10297 97850 93243 92220 94271 43583 94785 76356 45638 15433 35918 34900 95323 31326 93796 13924 55421 4744 25736 47776 46245 81061 23209 60077 10931 97973 46774 59575 86206 20162 49864 11468 56528 38620 87782 72424 53484 60658 62200 66298 17150 23296 43267 15112 78089 64782 21263 63252 96025 85788 33054 1311 18723 11569 20273 74552 53574 9033 47434 13131 87379 61780 60761 33625 78178 26979 88938 18285 45935 53105 8053 61301 40311 52602 43909 31627 72588 47503 38807 11163 86942 14760 53160 40874 5036 5557 95157 16311 57783 67513 47545 46010 78782 35777 59856 48080 84950 38361 83932 19937 6639 91125 70139

Library 455 - Books Explored: 120
8707 81926 9735 35336 72209 10271 56352 45604 6695 10285 90672 2103 91192 54332 68673 63044 68686 84051 91227 10844 86620 16485 3690 76396 85612 86132 92278 78968 31865 44156 27773 6274 16516 8840 97417 53899 73358 71317 61081 61101 60079 97974 84166 74950 83666 7388 60637 14558 14563 70378 82679 52472 44794 19708 68353 22791 87817 87818 42766 28942 60177 99610 15136 92961 76068 79142 35625 2864 66358 34105 75579 90428 79164 80706 79173 78685 27999 76129 57706 91499 97132 11632 54129 59256 13688 76676 8070 15239 84360 4492 78740 70558 60836 46501 59300 98221 41394 80827 52671 17855 61890 31684 95176 91593 26059 55244 56784 94161 17872 468 83415 78810 71132 47079 23017 28137 95211 79864 45566 9215

Library 466 - Books Explored: 177
10754 83461 7174 20998 81929 74762 70671 86033 27154 95764 26139 75806 85536 29220 5166 59440 47157 11319 33339 91199 39491 69193 14926 92239 87635 80983 67672 67167 84068 76901 76388 40039 55399 43625 73834 45669 77424 13426 9843 26234 34939 55427 23172 65669 70791 26251 70795 10894 18062 10384 33938 79506 73370 79011 9894 65190 98477 41138 73909 24761 30906 19646 88256 57537 53453 59602 52949 19158 76507 32992 52962 40677 7678 88812 99574 48379 37629 88830 18688 37632 90887 68360 17673 30477 58641 36626 67346 90900 92438 91927 7458 39719 26411 5932 816 74036 95028 60216 51001 46394 96573 58185 64330 74064 37203 96596 92501 50519 41817 40794 83291 23388 35168 62305 44384 93033 95594 53610 64366 7023 16754 75123 43379 42356 85879 83324 50046 98691 25476 18307 17287 88455 13193 22921 77194 87436 89485 50061 28044 15240 6551 7065 73626 81308 1949 45982 15786 1453 79789 61359 62906 14275 33732 26054 47564 72653 83405 8142 6608 69068 60882 73683 59348 16848 78798 84443 96739 60901 58855 91624 67560 25581 70131 39412 22517 64510 13755

Library 472 - Books Explored: 83
38930 91672 50205 64548 38442 33836 15917 83502 77871 93234 23604 80956 44094 21064 7251 97378 29284 30310 59500 4092 82034 24698 15997 32894 3201 61574 8328 60046 2709 89242 33441 44710 12468 58561 18119 15048 93899 78042 29404 81123 38640 12536 37636 4884 43308 63789 61231 15152 96055 77113 47418 24379 26428 92480 76615 44360 99659 95571 57683 98146 42855 73071 56184 27006 5504 27521 66954 55182 54673 89489 29602 81835 30140 81345 52165 45015 47576 13273 81386 23032 74235 97276 71379

Library 476 - Books Explored: 69
99072 78976 71297 50817 22404 79494 98570 16780 13967 24463 51089 6802 74260 51733 18838 52375 4629 26521 86299 70299 53148 19486 44575 80159 5662 60066 44707 33444 19364 68003 1963 93490 79668 64180 47541 91962 32573 29887 61632 51658 31949 73428 18006 73686 95576 76188 6102 36699 67047 98535 88861 2282 15850 33258 1771 12526 57071 68462 89836 79474 91242 83444 78070 58233 66170 62075 9724 92030 22622

Library 478 - Books Explored: 101
95746 76810 20503 12317 30 22561 93745 18481 79412 6709 67640 40006 45127 64071 5195 34897 86106 4190 47199 92257 36983 1660 93313 6798 30865 45714 71316 77461 7317 77464 10912 70829 20661 8383 16577 6349 98510 44244 69346 58600 44266 57067 60656 52976 41203 86260 91898 24316 48381 40703 45323 65828 58661 24366 43310 26415 91446 56128 96065 39746 61775 4435 95575 74584 56668 11618 79210 51571 29047 78719 17794 63366 903 55686 18318 31120 53139 31127 12696 79767 41887 8096 83367 10152 24487 47028 7102 95682 78793 21451 94676 43998 7652 18405 52713 23018 48623 6138 3067 95740 38909

Library 491 - Books Explored: 80
53769 49162 56334 4111 63505 74258 86552 20509 72740 14381 32816 56371 16952 78393 75844 42567 31815 2641 81519 26770 78482 67739 67231 1707 92337 55985 75446 97976 97980 69821 18116 54980 37579 31947 54479 69331 11480 2777 24287 94944 6393 39168 17670 39686 11534 86799 52510 30509 68400 70965 40269 98640 45395 856 50521 99672 24411 83804 99677 67432 1906 79734 91013 32137 89491 70550 9637 15783 37810 12742 80842 26571 3534 75216 77271 73688 71129 1516 7672 54268

Library 495 - Books Explored: 79
62464 11779 92677 7701 12822 8218 12315 36386 13859 72738 76327 24626 60471 43066 38976 17994 42583 55389 27743 34919 21607 47731 35972 84116 75414 68247 81049 91292 95402 30381 18095 52403 97466 27837 91326 22729 40663 52445 61159 32999 13550 76528 7923 243 6397 48386 92951 37661 41246 24352 10555 41788 53564 25919 87880 85320 95564 12130 53097 46973 61824 22917 94598 75161 22425 33179 57759 8098 32165 92082 23990 21946 37828 35783 32225 45026 58344 7666 60925

Library 506 - Books Explored: 174
87552 26120 87560 97290 82442 62988 87057 11794 42005 5145 98851 91175 8236 38446 91695 14896 49198 74802 73266 75831 8759 45626 62012 96828 25150 79934 52798 57407 2629 61515 76366 96335 79440 17489 1620 73306 77917 12898 4198 91751 21610 89197 77421 34416 9840 22649 69758 31875 26756 77957 20614 83588 52873 64652 52879 41616 80529 97428 44185 60057 25243 45213 12959 48810 86708 80568 24251 9919 83139 34502 15559 17103 12497 47313 72403 19156 85716 93914 46812 86237 82145 81638 7915 84209 67825 2805 27382 3832 41209 46331 85757 72960 87298 76550 83721 98575 5392 31508 18198 99606 80154 81692 51485 58146 33571 60196 18210 45349 78629 10025 66352 25397 79157 66360 98619 24381 20290 60227 87362 29508 78662 43336 50508 23886 95566 35165 69472 34144 24417 77155 24934 51047 99176 90985 54126 89967 50550 81271 89463 62329 41338 82806 35198 41343 3969 53125 86415 50065 47507 62885 13738 50603 42923 99245 63403 66996 87990 27577 66491 91579 15291 5064 24008 17361 11730 42970 86496 5089 24039 98287 90611 60403 12280 66554

Library 522 - Books Explored: 35
74497 25608 29705 24333 56080 9107 91667 7064 94492 69405 11813 25382 99879 5929 11697 16947 10806 1466 37563 24892 86462 73792 96714 64588 77773 45137 12758 48983 67543 56673 38881 29685 82046 44286 9586

Library 536 - Books Explored: 204
69123 1541 88585 45581 6674 67602 6169 77853 3102 75815 1064 76839 59947 71725 41007 7728 61489 73778 63549 87102 53823 95808 59971 54340 42564 82502 67655 18505 75849 64587 15946 70736 7760 80466 18003 14420 30803 92247 58460 6236 31327 69221 18536 77417 71272 67692 78447 93297 43634 7800 73850 86524 19075 10372 45701 99975 62087 85127 39562 88200 16007 23693 86158 47759 12429 58515 87187 81558 77977 97946 17051 1693 12962 85666 16550 33977 83130 37052 37565 63165 5828 75463 70346 18638 45263 68814 83665 43221 1749 26845 78559 1760 40954 1764 49896 744 28395 64242 31988 37110 8439 74490 3332 48390 46347 94478 8465 54547 71447 78617 68377 53028 13092 41766 90409 22826 60201 26922 49967 4912 30010 56125 27642 69444 15690 98123 53068 1356 2892 8010 81746 50002 32596 82776 29017 11615 54115 54631 47979 2412 7535 12656 32113 88433 35698 74619 5500 54141 19840 28544 8580 74630 50571 54155 22925 37262 82831 23437 22932 55700 88476 1440 76198 76710 86953 7088 75702 67511 46009 91578 92602 25533 54209 3525 33733 64969 17354 41417 34253 78797 37846 11225 67035 6619 35295 51679 96226 12772 77285 16362 6634 4078 76783 66031 1520 9710 36847 2544 31223 82938 51707 85500 40447 23742

Library 543 - Books Explored: 39
78849 41991 36876 76558 43535 97167 49937 18836 42390 22171 67358 44063 67616 4261 69160 76598 80056 65598 96765 85452 64333 39501 29010 74965 55125 27483 10591 68320 95076 39656 6504 92396 28654 20723 15994 88955 38908 73725 49790

Library 565 - Books Explored: 6
54181 15498 99859 28502 81791 17779

Library 566 - Books Explored: 60
27138 40963 74626 89095 48137 47370 10252 71949 23438 13588 11029 32918 74904 55965 77085 82463 80289 10914 16165 10795 71595 36530 98228 14134 6201 50364 1340 65214 83262 52544 14401 30784 89540 26692 53576 41416 87115 90315 94034 79702 31833 24154 14046 57183 89825 74083 14435 86373 37734 75113 92906 83308 51309 62445 53615 43760 88308 68212 7294 31871

Library 569 - Books Explored: 55
51841 83075 61188 20099 98824 72330 44814 67471 9234 14873 58522 18973 89501 95517 92574 82977 77855 63262 27039 40106 66091 4652 17710 69423 46385 68658 70450 7483 18108 45502 44991 98881 46018 30916 41926 8269 30414 7507 16211 64860 81885 22494 97633 25187 35812 71141 80358 4841 67949 70001 26994 20977 92415 10446 4636

Library 575 - Books Explored: 260
23552 39936 98305 85506 96771 35845 15878 9734 53771 21005 97806 57871 34320 46607 60434 75284 35351 50201 79387 27164 34844 65054 7199 89635 57380 16422 63532 98861 18478 58926 92208 23600 54321 17971 84527 85558 73270 81981 85054 25661 55873 57410 94279 79944 52295 68681 17484 33359 37455 5716 37464 54360 61018 95322 71258 21598 30815 15970 23140 27237 91238 9323 48235 57965 20591 68726 62078 17535 67711 85126 57481 97418 47757 40590 69776 85649 35987 36500 54422 19097 19610 29853 16033 6819 70310 46759 52396 48301 63663 78000 20658 31926 20664 55994 11453 6849 39421 52933 96967 97480 15563 75468 61644 1231 84688 84175 81107 25304 11996 46301 50396 61151 68834 22755 3812 67303 61160 44777 16106 69868 4845 71918 98543 68335 45298 99571 41717 7926 14584 93435 32510 33535 63232 13573 31495 25864 81673 92939 65291 54029 25358 11023 77584 9486 8976 64787 43291 76581 70440 10537 7465 98093 1837 88365 43311 50996 73524 71478 13622 21816 38200 26940 33084 9023 54081 15170 91460 70473 28490 60234 51534 11601 33106 9043 26451 18266 75100 1885 89948 92510 94049 87397 43879 50537 20330 69483 63340 13676 81777 90482 47475 33651 3956 59255 34680 12157 3453 14207 7553 95620 91524 62342 50567 63879 83337 43913 35723 37259 3981 11151 39312 79759 39315 53653 39835 8099 33187 14757 2471 78759 45993 16296 99756 29102 84913 65458 98739 30646 69558 51645 56254 63934 11203 20420 2503 8654 82384 90065 29649 50132 14295 25047 57817 99801 64472 33249 22497 35810 87527 4584 82921 59376 43505 82417 61426 33264 48630 83449 5115 32253

Library 589 - Books Explored: 22
35334 52883 6292 63004 71584 85554 578 94150 89288 49224 9934 36564 41428 23896 85081 20960 88561 51955 8441 91130 81904 64899

Library 594 - Books Explored: 6
33676 7662 23216 65971 26868 3674

Library 597 - Books Explored: 59
22273 97282 6145 4994 80524 78861 25998 88207 93072 73361 99220 68501 66970 4379 2210 27943 47271 32810 430 6447 69684 47285 44341 3127 19770 45628 46652 16445 27845 60486 57031 92614 64889 39241 8907 11340 6352 57553 42066 47699 87764 7763 91862 92886 33623 48732 57439 44512 7910 47975 57063 88043 67696 96625 67827 35321 23035 20861 76542

Library 600 - Books Explored: 12
52610 76484 60550 75878 77129 27819 63404 85965 84267 24851 122 2780

Library 602 - Books Explored: 197
90624 24577 74240 67075 71685 12296 6155 73741 49166 94232 61979 31260 79903 26656 41508 76324 23078 79918 29746 42035 70710 47159 89655 68153 84538 3130 73275 43581 34878 71223 46139 7233 47683 72780 38477 71254 27222 50271 22112 87651 90724 27749 64612 39525 55402 45163 83568 72820 91765 58488 57469 43645 11902 25728 52865 34434 92293 6791 93832 34442 68748 62604 48783 39059 27285 78998 33430 39574 28316 53923 75429 59046 88233 58027 48813 81071 88753 52402 96436 46262 22715 55999 48322 59076 7877 33991 27854 22741 25305 30426 76013 3823 754 24306 24829 45824 96513 14594 68357 48902 21255 64777 1803 12043 18701 18190 71443 42259 33046 48408 76057 94488 75036 58653 2846 3357 38688 75555 73508 54055 15144 37161 77103 27957 20278 90429 31038 71998 43331 39751 99145 56649 80716 20301 30544 18259 38739 27477 79191 5466 2395 33634 63844 65899 48491 61810 85363 24435 15218 30071 30588 43902 59266 90006 39319 83874 35234 29606 36266 58284 93101 18861 54700 6572 82865 89013 52666 87996 40893 56764 7617 30661 3526 39367 55241 96204 80846 88014 84946 43991 62426 79835 71644 94172 69090 72675 76265 28650 79850 65516 73206 23033 88059 97788 24061 46620 18022

Library 607 - Books Explored: 246
78337 46594 69635 2060 524 98318 89108 80406 87578 77342 34334 60960 37922 31266 67110 25639 51238 99878 40490 52267 553 70701 29230 86568 7222 5175 49207 3639 40506 51199 43579 45118 45631 31809 27715 38980 86085 41541 61511 37956 69196 50254 31311 16464 64591 76885 25173 78425 90723 27236 13925 69222 27240 24171 13421 55413 30837 76919 36471 40053 72314 33404 19069 50302 22145 64130 29314 20612 52360 27784 87695 70653 151 60571 80032 40097 72354 45225 13994 18612 46263 43706 31419 55997 24768 65218 1219 91332 71365 53957 63171 11465 7370 65229 208 61648 43219 61141 49880 95961 91356 93920 15584 99554 30947 50914 39138 50402 96488 55016 28909 81646 35569 73460 47863 30970 764 92928 52994 4355 28418 93955 81158 5895 69896 30471 22792 23310 13582 70414 12560 32530 20243 7443 90903 62233 31514 36122 28444 64798 98079 66336 34592 65827 87335 44330 57132 31539 85301 90936 81212 46910 9024 2369 70987 5464 7515 89949 37726 42849 93693 63330 74599 38253 37742 50031 26991 51059 65398 16761 61819 32635 40833 47490 94594 20354 51589 10118 94600 54153 8074 81802 22924 22414 64911 71567 13711 33681 82324 33693 18333 63906 53155 49060 34725 31146 81837 47021 71088 8117 79286 54711 70076 76732 70589 80831 10177 97730 82371 61889 15815 4553 15307 56268 47053 22476 12239 8146 64467 27604 9173 21461 88021 40920 20952 67034 70619 15324 27613 70113 23522 88549 83430 65511 71654 34803 77299 41461 13302 2551 87544 36345 17915 28669 30718 71679

Library 626 - Books Explored: 38
87066 60186 23069 10398 63648 96935 24492 94767 67247 35250 80690 67634 32183 39736 91066 65851 30719 39485 31164 34885 71239 32075 37197 9297 41559 25817 63579 80221 59743 14560 42851 87398 24043 22508 72946 84731 74622 41983

Library 630 - Books Explored: 15
60256 34914 23715 11528 9578 81166 49327 2928 9425 85362 41682 32089 5850 88223 68245

Library 646 - Books Explored: 76
57857 14722 76420 38264 48646 24966 74248 86409 37628 12299 92687 80272 84753 28049 36116 31511 65688 70039 75417 74908 97693 50589 65437 82592 98209 51365 88614 33319 38525 78505 22316 81198 97071 46000 6574 61743 2096 97848 59708 84156 83064 67007 68158 34625 51010 16323 42180 8515 65095 17100 23373 32719 98002 91218 12628 24792 27609 12890 92508 54753 80610 59364 28902 20711 82024 45670 49130 15466 10096 61684 57846 72951 71288 57851 83452 58365

Library 650 - Books Explored: 47
84099 64395 45196 44300 1420 36372 23833 13594 46874 71454 18207 65958 85417 39597 15280 66225 77491 45237 14908 32445 30398 55615 4545 25414 46534 43207 1098 75851 56660 28630 14553 51417 21089 62946 75111 87783 50153 29546 82155 30188 29288 98928 49905 70770 21236 68476 11843

Library 653 - Books Explored: 98
55298 65542 31752 84495 83450 58388 28186 25120 25633 69162 53312 65604 58949 4174 27216 31335 90735 3184 68208 36978 43125 63607 17531 53885 33919 20611 12420 3722 20114 92832 84643 84131 87720 34985 57519 33458 93883 29885 59591 92362 5847 14041 24795 74460 60640 44774 99048 14067 33017 46846 55038 73984 19201 17152 74499 89871 32528 90897 53011 5413 85804 59202 84297 49491 64340 22360 62811 38237 17764 15204 78199 80760 13699 99206 56714 8076 14226 9111 93592 52121 24475 34722 30638 64954 35770 30665 73167 7640 80860 49116 7143 78318 86000 6134 13818 47100 8702 69631

Library 665 - Books Explored: 35
68864 97793 46593 80003 89995 67734 26775 86813 39204 3237 56230 78135 24505 11834 55995 54203 59584 27206 56647 44027 1997 94285 94419 83548 37597 91620 90092 39284 67573 1270 78836 62584 1531 10238 86399

Library 669 - Books Explored: 111
34818 5129 44051 31255 7193 18977 67618 64038 79400 51764 90167 57400 78924 16980 25690 60506 67676 39002 37997 88694 34423 39034 32895 28801 43140 87686 20626 18582 22682 93850 98467 22181 97452 87731 61622 86202 88252 95933 75453 99519 59073 68298 1235 14035 89305 4316 63714 80613 63719 78569 74474 50931 90356 36595 97526 85247 54532 34566 13581 70933 70937 24345 29980 26398 63780 17703 11560 9004 45870 40751 25907 27446 22329 48443 52540 69441 61763 98116 64325 51015 35659 72526 31060 14164 85845 10073 60762 24416 50531 51068 64380 83837 45960 57741 86936 76192 29092 68518 73641 53675 43951 52147 48052 73664 99264 5570 17864 59337 6630 10730 70123

Library 676 - Books Explored: 157
2 49667 51715 53271 91679 82976 12832 95781 65575 37928 21040 67125 93749 30264 31293 41021 67136 50246 54854 28232 37962 38476 16972 18513 5202 87123 54359 8793 26714 44635 16477 23649 22631 17007 623 54385 24689 64634 56443 92284 95875 17033 28299 83089 63634 46739 16020 78999 24216 88732 71325 34460 43172 4778 32942 39603 60595 89780 84150 37559 34488 64188 67773 79040 16075 73935 38100 5333 88790 37595 89823 96992 68321 41188 93939 51445 59130 14586 94462 25857 39682 87810 39174 12552 98569 54539 4876 38160 89370 21789 7462 45871 59696 63795 31034 56126 5953 66882 6466 9540 40778 94027 70993 10071 94042 72546 29539 19299 80751 11121 64882 96628 93045 52089 50566 8071 42375 38278 95117 75662 37267 27028 52634 21917 40349 63395 45475 86437 77222 40357 9129 56750 63919 25526 54714 1980 44478 7616 69570 13256 56265 49108 45525 32726 20439 62427 9182 10210 39396 40425 47594 26098 87027 95220 84983 69626 97278

Library 687 - Books Explored: 52
71810 87046 78727 78344 85385 82826 96268 56973 18702 65681 75409 90643 37141 97303 53400 25368 67228 59037 55329 82474 47275 8363 76719 75440 57778 59955 12595 90939 23740 62907 98635 20940 76367 35409 44114 63449 18011 92765 11233 79715 4326 90599 73959 5481 64489 1642 29672 28149 9845 79480 74875 93695

Library 690 - Books Explored: 72
17408 8449 66945 79361 59524 44929 13062 96391 45704 17417 73351 57989 58893 51725 47505 29073 99475 24212 28314 34466 10661 60710 18215 74279 80297 26795 42926 27442 75826 95669 76538 16955 76476 12352 73921 35776 25284 70726 2375 14408 41928 20168 78411 41678 68944 23760 43987 21587 19413 30166 59221 85723 63453 60129 9953 23011 64998 37480 92777 93804 37740 84333 24940 76527 41199 80371 629 60929 63994 33658 41727 86210

Library 693 - Books Explored: 232
24064 97795 61447 83977 1547 19985 4627 21524 38934 33305 49179 55327 55840 54816 52773 51237 42029 8238 64558 18992 58416 17455 24630 55863 87611 2619 7741 17982 93758 74306 1602 30792 30795 71757 7759 82513 14929 14419 94293 56918 57948 15965 43615 47203 78436 60517 39014 91752 50796 96365 31854 52336 12401 64113 81012 53365 87679 5248 41089 78467 34439 92811 51340 83596 71828 34453 83094 54779 39065 85658 91289 58524 14494 93855 45726 48289 67235 84646 27815 30376 4787 14003 88757 1205 76471 22712 46265 41661 3775 17600 50372 39625 81102 51919 22224 20687 67797 52950 14043 78558 68318 90337 2796 237 85744 99576 25852 81157 45829 60682 42767 89362 20757 279 2839 61723 39707 90395 62239 86304 32545 88868 93992 28459 76587 55596 64814 76591 24881 73010 81720 26939 90940 68415 47424 22337 22335 10053 96585 30026 87370 2895 76111 15185 4943 33616 20824 44381 31070 86879 63838 48479 32098 13155 59748 26980 36720 43380 91509 6518 75126 82295 13686 76155 34691 72070 32648 55177 29066 8073 70029 21390 36752 87953 44947 65941 86424 86937 26010 85915 85916 3486 70560 73636 15269 43430 94630 93094 57766 90534 20907 11180 77227 69547 42924 62891 6571 2482 98225 99760 25527 59833 6590 34750 69566 448 40387 2504 11211 66512 17874 30684 1505 53218 2017 5604 47074 88038 39916 92142 74224 23537 65521 68084 79860 77815 39419 27644 35326 4095 30820 2341

Library 708 - Books Explored: 109
80900 19974 26119 34310 34826 24586 17940 72727 78888 40489 32299 27693 62514 94778 4162 54342 33352 72270 22096 58963 23637 5722 63066 10335 44128 7265 3167 13411 12908 37999 82556 88196 29322 91277 30357 61598 91295 38062 70322 42162 39093 18109 95429 26825 19672 60131 89827 9448 19690 50412 83181 34544 52471 85752 79095 60669 81151 63233 32002 98567 81674 10509 27412 45350 40745 87855 91967 96063 35143 23368 30543 87375 31571 59223 10076 49514 32110 3950 3960 75133 95106 15751 43915 30607 84882 78229 94108 46496 39337 38315 29106 72647 63945 42953 5579 66508 92109 72138 85970 22483 33248 7650 48100 30704 4082 70132 38907 70142 81633

Library 709 - Books Explored: 113
31746 42507 19981 56861 83998 58402 51752 7213 26673 65074 86587 13376 6209 29263 82000 10325 58966 97878 6750 93791 55907 88170 93290 79475 47752 13964 55440 45203 63641 34970 7330 74916 31415 93373 12477 56003 41668 57032 69324 73945 60125 28900 47332 89828 56549 47849 25835 12531 62717 24331 57612 94477 67355 11549 31007 93988 96047 76595 5950 36166 61257 45387 70475 97625 17247 58721 43362 64866 3943 17264 11634 42866 9074 4988 80261 76168 19849 73611 42895 9616 69012 12693 27030 64918 34198 66457 12194 51618 65955 56741 78253 77236 71612 98750 49097 18379 59857 34770 76758 71128 93146 56795 77275 32733 86494 59359 504 495 61425 98293 3576 60921 71571

Library 715 - Books Explored: 123
96258 84482 89091 43016 46089 43532 8722 47124 95767 99352 42016 88611 92708 10789 62511 49713 63542 43577 96313 96321 71747 94788 55889 6228 56416 52325 67686 22119 90728 3688 6760 45674 88174 98414 33907 89208 56954 10366 53382 134 66698 75935 62113 33960 72878 38574 39601 62129 95415 71351 81595 58056 89804 40141 14541 94423 11997 33002 9460 3316 14070 5373 50432 28928 9473 14615 21286 34600 297 87852 79148 14638 69935 17713 49980 57661 52547 60742 53063 83275 75602 59220 57178 3421 82274 21858 84838 32615 61290 68458 83312 65910 80247 30582 38778 49020 8575 55680 94081 55685 71558 75657 39314 71059 42900 15256 35226 11675 19357 4511 44964 22948 57768 30120 62379 13762 39879 67548 28637 65514 9200 12786 10748

Library 717 - Books Explored: 77
38918 55303 89617 56853 22563 82983 14384 13877 76351 46144 47181 47184 39506 49248 85607 53361 46196 28285 60541 44163 46725 48779 32912 42641 86674 22675 88212 72348 78493 3745 38580 83646 32452 22740 746 69357 14076 21246 72500 83767 45881 67907 39237 26443 48475 84316 87908 95589 62826 51572 39293 16262 64905 9626 30107 86428 34210 41893 96678 11687 73642 11181 52655 48560 50107 54207 34751 37315 93643 28624 56789 3045 30695 11240 60393 32235 32759

Library 736 - Books Explored: 29
2688 10631 90505 44177 62618 1566 41502 43680 31392 98083 37420 40623 28857 34106 4795 24255 27328 19904 93380 49604 99144 24408 40798 40551 56941 94318 88314 87547 7295

Library 772 - Books Explored: 171
26627 50695 28169 55817 81419 32781 55823 57883 32295 73258 91180 19507 31290 91197 74310 18943 23629 70222 36944 75345 64594 4178 54358 1117 52843 71277 40045 89199 83057 66164 81013 48768 11399 17031 96393 84615 11911 68240 81042 77970 36501 44700 42653 40100 8356 77990 166 92329 6828 31407 83126 64193 40132 53448 37068 50893 62158 13518 72917 39128 92386 91370 29419 89837 27886 29427 37109 66301 61182 6915 75013 70918 87304 50443 66829 86286 11535 4368 34065 77074 50967 23322 59676 21792 64805 93990 54568 66346 34095 11055 41267 39733 42807 70464 59713 40258 16202 43342 74066 16723 9556 1878 83802 28511 21346 56163 46434 8549 40802 68460 93551 55157 6006 44410 22395 80766 7550 75136 44417 88961 63874 66950 72073 6028 92561 15253 31128 87449 26012 41885 86945 74659 2982 78252 34733 5549 65453 60849 5554 28593 92090 65467 38843 56252 46013 86466 57282 61892 93639 60360 37833 71114 97224 76245 95701 99797 35807 59874 57315 80870 39400 42473 72168 59884 45036 22001 25586 76283 4607 67623 81619

Library 773 - Books Explored: 15
59532 74734 97486 42768 50799 24307 1652 5203 1206 82775 38867 23805 92954 8255 19039

Library 779 - Books Explored: 79
6157 56858 6683 85539 5156 31270 20530 22093 13414 38507 26736 28273 99441 44158 63621 25229 72337 98961 51347 17048 3749 55291 39081 21684 62134 30395 79549 87743 82121 86218 88281 29933 16111 95489 48394 12045 51480 39201 42794 58668 45359 85812 18257 65873 22868 88922 39263 97121 15203 93540 78186 54122 26478 47982 42872 51581 59277 86926 63894 89505 81828 63909 71080 23977 43969 37831 63434 71117 50637 81872 57299 17365 39894 984 78300 21470 60910 69108 47611

Library 793 - Books Explored: 14
98722 92581 58791 55787 21165 34225 51859 77238 89496 33338 39579 86460 3455 24965

Library 795 - Books Explored: 81
40966 56329 90637 42014 3618 69155 38951 18479 11311 80433 24628 92727 59972 77380 29766 21576 8276 93784 60508 14436 68202 90220 2670 49267 72320 89734 72333 95890 26789 66726 89279 81599 41679 77523 64727 37088 91368 84741 84232 64264 92936 9484 53010 81177 18734 33071 65843 81724 91971 46409 8011 42324 15189 64342 40279 96603 5469 31077 93559 73085 30590 10111 72574 28031 35719 96137 51083 42380 97678 4507 86958 58803 14264 5066 91086 18894 91600 17888 74221 66551 88060

Library 798 - Books Explored: 48
24192 40197 23816 50440 15626 55435 18444 28558 41873 22802 15769 96285 71457 20770 14761 47789 54963 42295 31417 6077 96829 19654 1357 93392 65116 5724 7004 92894 5085 97122 97634 36835 47590 65638 56168 10984 78827 31595 10991 56305 55794 96244 28020 82166 94967 98805 96506 99707

Library 805 - Books Explored: 3
53185 5154 92111

Library 808 - Books Explored: 71
43650 25991 34824 39178 48910 48911 47119 31509 46357 14231 26647 79127 46618 69398 38808 39321 62882 13861 5286 9255 59304 1065 80682 34219 28590 19759 90800 66995 94259 13108 46391 43704 53305 72760 60610 40515 32195 79684 34632 72394 33355 56401 20564 27860 76760 22873 56667 72542 99935 47711 82272 78176 89188 60004 2788 36477 16744 29803 57708 42223 19185 57457 57201 87284 51318 49528 58617 56314 5113 9133 55453

Library 813 - Books Explored: 177
37889 11778 3589 41990 34821 76296 35347 49173 61464 25627 39453 99870 93728 95777 62499 73764 35879 92201 72233 9778 70198 91703 27197 97342 72769 57926 64608 41056 13412 33893 97900 54381 99952 60532 61046 97399 54392 98936 43643 98942 84607 13440 31873 61063 63628 56974 21135 29845 89238 83097 44697 36507 94365 6817 93859 11942 58535 55464 36012 89774 64688 39090 76981 75959 20152 80063 21189 90309 16584 25289 42703 35023 84689 26833 94939 7392 90339 77541 60646 41189 69353 56554 93934 80626 77556 15605 31478 72436 9464 252 86269 85251 64260 64259 2822 19719 47365 33545 12047 82704 33553 2832 5396 29464 4381 98078 21280 50981 57130 26412 9527 84792 40249 87867 66370 62787 63303 99149 54609 69976 38233 67932 20837 98664 87914 39787 37745 60275 14196 43393 85890 30086 20875 70540 44433 94101 96152 55194 48027 95644 63386 48545 12195 10665 96682 26539 59820 63405 68526 16819 83381 23481 41403 30652 73661 21950 88523 33744 74195 39380 52693 43990 68056 91611 70621 76253 2526 19939 72678 88044 35822 18926 18419 66549 7160 26617 87039

Library 844 - Books Explored: 50
63371 20236 26508 87696 37777 13586 72595 76690 71444 26391 45465 89629 37665 63778 45732 65445 3758 1456 92848 38066 38449 11444 40501 51894 2997 70972 71358 88383 58302 55489 33858 55240 63435 9166 19536 45905 69713 46038 25432 38490 29407 97506 84071 15591 13932 43503 15731 1780 11508 20986

Library 848 - Books Explored: 55
77446 35847 56710 86156 16657 94098 28051 53521 73236 75413 67735 37016 3864 54809 47387 80924 25886 93088 51873 68768 30243 98469 87462 66475 84140 48173 99501 86575 50225 46002 52529 45624 92344 21692 965 77766 21578 31052 40396 70094 10958 43217 28508 68191 51043 15075 85737 29291 73835 58478 21232 89585 78331 43717 33871

Library 854 - Books Explored: 70
7296 12929 19072 6531 60545 90630 48135 44550 29702 38923 29454 57487 98831 72723 80789 45463 92952 6295 40730 74138 93980 42781 42910 45602 4770 91174 26791 83373 96816 3248 3642 26942 50623 66756 19397 52934 82759 24138 28618 94542 30415 22095 66897 63441 27729 13780 726 45782 89432 75991 29530 39003 85338 68317 1630 66651 77788 98778 61410 43101 78948 71391 75883 75116 92246 88946 33011 24822 64127 68721

Library 894 - Books Explored: 84
8202 62483 89620 11804 48675 68133 36909 73272 79421 39493 59468 65102 95838 71269 46728 8856 41630 21158 89772 30384 82610 87751 21713 51941 96999 14569 47856 51441 1268 22773 11005 46339 3334 94984 96522 45835 62221 58151 48940 66349 74038 97080 28984 24378 1339 35643 27972 55620 49483 5964 22867 99673 74587 38249 99178 58219 3451 29568 5003 25490 11667 25494 80793 40346 64416 54688 40354 82868 58292 69560 70591 15299 62404 33221 7642 17374 50664 65513 30186 57835 19440 14322 48627 98292

Library 902 - Books Explored: 22
56707 32016 49687 92058 16155 29984 97825 94135 10304 51395 51909 68052 51037 43102 8287 18017 8421 1518 36335 43506 16248 79342

Library 933 - Books Explored: 156
19971 19972 71683 93703 81931 94220 48139 9227 62993 10773 7703 36889 53273 89631 27173 44583 73768 64041 3626 92206 89652 23098 30781 35395 90185 49227 84557 51278 98384 19542 71257 54373 12904 62058 43114 43116 18035 78966 50294 70783 47240 80008 53907 44693 25751 13465 61593 35998 81056 88742 69291 95916 75439 76978 51900 88258 38595 51416 6873 77018 79580 39647 56544 29921 86239 44776 73963 21237 70903 11514 25346 83715 39170 12037 13576 77070 47375 36627 86805 90905 76571 1820 15645 797 82716 63268 19749 11558 298 61226 37164 29486 46392 18250 11086 66385 47442 5972 34133 95062 43863 23899 83803 18786 24419 40805 21350 18795 82283 39275 79214 5487 368 74613 13177 23931 14204 41860 22408 39816 99212 5007 402 79765 38810 28062 30623 71072 55710 31650 80295 45483 50613 66485 43454 72640 43459 69573 36809 82377 81361 31704 60889 8154 2523 59870 93673 94188 5613 99308 53231 33780 70134 90616 17404 49662

Library 936 - Books Explored: 3
30600 35974 91792

Library 944 - Books Explored: 120
69632 66561 54788 25606 18439 11270 98826 78347 13323 17943 97306 24606 79403 3630 88623 48687 83514 3136 74816 47686 15443 74332 4709 92266 92793 13945 34430 20607 43646 50821 19077 35975 76938 55951 62611 88219 70815 85161 90799 78004 63674 87740 52932 54469 58052 21192 14537 7880 42191 90320 80080 31450 15068 92896 50913 73955 97513 88299 98032 60148 87800 64762 58113 19203 9476 71427 64775 69403 76572 72991 65317 63270 90411 27449 9018 18753 42817 71491 73026 68934 91467 24395 845 80731 18781 84836 45925 85352 29045 92024 59773 43400 95637 74645 79256 1944 1445 92070 94124 85934 52143 90034 19382 61886 24512 37313 5062 43469 63956 81365 14294 90077 36833 73188 42470 84465 28146 28661 54782 99851

Library 952 - Books Explored: 38
65422 64401 76306 46358 43158 52888 90400 1700 52391 24240 81201 89395 4916 46519 99135 17088 81729 61378 89153 36930 45002 95691 37580 90445 49361 28500 62294 96478 70497 25058 44641 9060 2537 4974 78960 94322 23548 66175

Library 959 - Books Explored: 146
1540 29192 46092 82445 58894 10766 23063 17947 1053 66591 74785 63014 48168 82985 7221 2104 32312 58426 87098 70716 76868 53829 31812 74314 45130 41035 31818 44110 30288 83 97365 36441 48742 17513 69747 20596 26743 45688 12920 17528 93821 65664 66183 50316 90253 41621 88726 77467 87712 43178 44717 14511 43186 47291 60606 83650 21187 75976 78032 5339 84188 72417 70882 9955 85222 6378 14063 39160 63753 29450 93961 91402 40717 13580 10006 93466 77594 28961 61223 83752 52520 19242 47916 1838 95033 48447 34123 51536 48464 23381 54101 11607 89947 6493 28512 75623 44395 61811 37748 89975 35709 88958 14720 83841 46978 51075 75140 63878 65415 85386 66442 36236 35214 92046 47502 48022 69015 31652 36263 39851 87980 59307 6062 95665 93118 22463 53698 44482 18884 45510 72652 91085 22995 64980 61909 99798 17885 6623 41957 12262 62951 25066 22514 38901 11772 22190

Library 969 - Books Explored: 42
5376 46596 59141 82693 29829 82057 29328 1937 22038 28061 72487 62247 50729 71593 72625 22707 95799 37560 64058 7867 80318 10308 2118 31048 27723 80076 75341 40273 67926 7513 55786 73967 16495 31858 20212 45173 13815 42105 17274 77565 7679 58220

Library 970 - Books Explored: 126
97280 25609 94734 93711 82447 92185 50210 56867 54308 3109 42536 24625 31283 86581 30262 46138 35898 30269 85570 6216 4182 85079 72279 96861 3678 67688 94312 48234 65647 31345 21105 10358 83072 33921 129 77444 21645 83095 13464 47259 26784 67237 93352 14505 45747 95412 17596 27327 19656 82122 21203 19157 25818 10462 45798 41194 71917 18158 3311 76016 13042 90358 6902 22264 11004 99585 23308 11532 99601 39709 76063 89890 52521 92459 11051 54573 38193 35635 31031 66873 33594 65853 23358 3392 18247 97103 17234 68435 4438 22361 35169 86884 90475 50040 63359 43904 70528 83328 71045 74629 73605 85901 19351 37789 23967 90528 76195 31142 35244 68016 50616 42940 21956 11723 84428 64987 90591 35815 7659 3566 1521 70642 79349 12791 34814 8191

Library 971 - Books Explored: 40
25985 5122 74243 72836 98437 73745 64786 76819 66836 2582 5404 3613 90910 65308 83232 22564 57129 84266 23723 75951 43952 53044 1589 16824 15961 61274 64224 98657 20451 48996 17895 12398 55151 67056 114 36210 66936 6394 92795 55807

Library 972 - Books Explored: 38
28288 25989 97029 88327 97287 63754 79371 22543 278 66840 31513 94490 43674 91804 17694 40990 32673 40226 29232 48305 26426 87612 3391 57538 52551 96590 73807 94677 75606 4440 80218 65372 41693 37984 85735 37353 77675 70005

Library 21 - Books Explored: 141
92674 74254 19 56856 83485 59436 50735 95287 57915 38972 52283 11330 2630 59462 11337 22090 3660 89170 81491 85588 77397 42070 35413 37978 68189 43613 17509 6246 48743 23655 57447 49258 54897 26741 63615 46208 40582 99979 76428 45708 48790 77979 34972 17053 89246 93343 5791 81066 8366 1710 37554 186 90824 79563 71886 3790 8918 98007 99041 86249 42732 63215 46321 58103 59652 28934 3337 26379 98571 70413 82199 30487 26914 22307 36135 34089 27948 73517 98096 18742 47930 97084 52028 85312 47939 3396 77126 78154 49997 51031 25437 23396 98666 62828 99692 78193 62839 7545 74621 10624 92546 46466 25986 29573 76677 54158 50062 87442 7574 10136 18330 98718 13215 47008 5026 65443 70052 53154 8107 51118 99249 30644 43956 54718 69057 63938 70596 80326 40391 84425 62922 43989 81896 92656 56816 81906 86517 56823 65532 76219 47558

Library 32 - Books Explored: 65
70913 86275 92549 30094 94847 19600 56719 29198 62099 53781 52761 54297 26396 4125 4383 45088 12063 85411 24996 46499 35495 10024 45865 54186 77228 25900 97200 27826 61108 13236 87868 83645 34240 38853 15813 58181 93255 13769 86473 70861 45394 51795 51669 67801 49115 78556 45276 58462 11614 88542 28157 83426 98532 87268 97894 45291 49772 95726 45812 65141 72183 11771 73981 59518 5119

Library 39 - Books Explored: 5
97632 12327 14058 1290 33105

Library 45 - Books Explored: 53
60416 24583 71048 9098 87437 2190 87309 84240 31505 61330 27408 32792 8730 47643 28828 61595 44064 43176 1325 11950 16309 40374 40639 44995 24515 6597 4166 6985 80201 64977 61396 96468 11223 52695 52312 54746 65628 65503 44002 34915 86757 19558 83563 14188 34415 2416 77041 51701 6262 68343 20984 17277 41726

Library 60 - Books Explored: 14
30049 50266 15975 15304 58409 87305 54830 74350 31952 32274 8920 55641 27770 98847

Library 62 - Books Explored: 69
15744 75908 42628 29446 58887 42248 26884 26509 81934 58512 69777 32784 25491 73109 95382 65433 90906 99995 54780 27929 43043 25510 45479 80680 58282 6188 60085 28981 52537 6976 74946 81475 72004 34243 41797 42949 86985 66507 79439 38608 25810 56699 13011 14421 15062 79703 53720 49367 44762 52187 39388 34012 87643 7520 19553 38626 10342 23400 17776 83952 68850 9972 94333 80372 44663 24568 37755 15228 55165

Library 64 - Books Explored: 61
88581 47623 76170 76182 43030 32791 409 60823 24478 67487 75551 25380 85796 51751 35240 13863 8234 9643 68396 3880 5551 50096 13489 4655 63286 60086 20023 15929 54715 58428 76604 51518 48955 14018 91592 71504 36601 89686 56024 17624 51802 37212 3807 17251 47587 84581 15976 71017 39658 53626 87023 52463 37624 90098 63219 22647 44152 34937 12666 7166 92799

Library 83 - Books Explored: 118
55304 54792 89611 39440 53270 37911 81451 95793 75321 5180 79937 32325 47685 26698 67146 75344 79442 7253 3685 25711 84083 21620 80500 36474 86142 93839 78480 81048 74393 44188 15519 20128 77475 60087 25287 48331 67278 96975 51920 89298 26329 41179 79068 33505 76006 84712 35564 74491 20735 86787 74501 85256 96017 86804 9494 39194 56606 12064 47905 41771 29491 32053 38199 88382 4939 57677 94031 47953 14162 69464 46938 28510 2400 44898 97635 29031 13672 64874 40811 7532 57196 50035 96116 9076 97142 98169 25475 96648 61837 16782 21903 61335 27544 58265 8603 87966 25502 54177 47527 23976 10156 83374 68527 74178 8644 76228 12745 10698 39382 5080 20955 51166 33246 12769 24560 4081 36343 67581

Library 91 - Books Explored: 74
25733 88072 88329 97036 41359 8208 44049 69011 70808 18203 33821 53023 11039 5919 33185 89251 21155 4389 10663 82472 95401 20648 20651 80168 71470 52783 58288 14773 44599 49976 41784 95163 80571 19517 26941 6205 86337 50881 43332 12869 77304 44617 29002 50768 2514 25042 57554 79444 61143 49624 55898 25692 94556 38111 6496 63072 38882 95 62303 32230 48361 28138 45815 67437 35181 18415 8689 68209 5878 88951 68728 52345 71546 90235

Library 105 - Books Explored: 135
96256 99841 84996 2569 17931 14859 43539 7702 93208 34330 46107 31775 49697 82979 61992 94254 65079 50241 25158 2640 6224 4180 51801 73819 50780 60515 8292 14437 37992 53354 51834 28286 3205 50312 7323 94363 82085 12969 7338 72877 61103 84147 44213 41149 70847 58560 40641 89282 46275 55490 47814 43209 66258 93908 54490 2778 28389 75497 19182 71923 98549 5380 81668 68872 19726 20753 46867 30486 36121 76062 32030 77598 90401 10533 71476 98615 90938 4411 33602 73029 31563 85835 25931 340 63829 87386 30555 11613 57190 94570 89452 67436 30061 49011 75636 39285 44924 83329 97154 20355 98185 44939 33679 65935 41361 44434 13203 60820 84887 33692 44961 44965 12710 34217 2987 49579 87986 77750 77751 57784 15802 16826 88510 7623 67016 48588 25046 46042 35803 6627 42472 35304 92658 43508 15627

Library 117 - Books Explored: 20
28564 29210 4268 37806 22963 20022 34231 65594 40380 84549 43341 23375 70738 57429 63703 96472 3166 89067 75499 86140

Library 118 - Books Explored: 8
55131 94307 83685 25867 37709 50128 86675 95003

Library 121 - Books Explored: 39
64000 54914 44038 14726 4107 82193 65425 72977 76570 95261 84512 28193 77090 44195 91562 70955 46125 47278 560 12336 57271 19130 33852 75590 7239 51786 93264 95698 4052 55640 21344 76516 68079 7409 31987 33656 117 82038 99448

Library 128 - Books Explored: 104
3073 97804 91663 7188 21013 55320 71706 30752 9767 17448 41000 51773 83523 98887 49743 68176 33879 22107 60008 62573 47239 96905 49807 50324 37527 57504 673 81059 20141 43697 13500 69313 20674 88772 93903 78036 36059 13540 28901 52966 66281 98540 41710 95985 76017 95991 19716 65799 20743 24848 32017 54041 2855 10027 20271 29489 56626 818 42808 4410 79675 63821 64847 24916 12634 84827 9069 63347 66944 71553 95107 24459 87960 29599 13220 7588 28073 71600 7600 74674 1974 14272 27585 91076 36808 26570 69067 53195 70609 75730 5589 41429 13786 92123 72668 35804 79838 34782 94689 96233 54250 51698 75769 76796

Library 135 - Books Explored: 106
47104 79372 20499 47649 15916 48686 74798 94772 98357 60475 14402 92743 3661 21076 82527 33889 13410 61543 40552 3186 18549 86645 91773 99967 14982 31885 89231 88722 66714 51359 27809 2211 96420 51875 91817 6831 93359 22193 59586 21186 14023 86216 29390 9422 28375 60121 99558 43238 51943 82662 51954 74995 13563 72955 82685 41224 56589 10515 6425 44831 49954 97576 91968 838 19277 31053 8527 54098 68436 85847 1370 3423 63329 15715 96100 57189 65898 71534 6515 28029 54658 51074 30597 66454 42393 76713 36267 56240 61363 73655 57785 35259 79807 95167 28095 80834 22991 43473 56788 35797 49111 1503 89060 93669 41445 26106

Library 148 - Books Explored: 16
20225 94599 1383 26921 94826 53292 8621 70766 37644 14354 15955 24341 2166 26423 73368 1402

Library 150 - Books Explored: 23
37250 40067 57889 84776 20531 25656 55737 30149 54221 37715 80598 88151 31322 77790 61802 75244 54128 50932 8055 72057 75899 77053 88101

Library 155 - Books Explored: 9
31682 9827 75972 41485 19155 98776 22266 94395 49436

Library 160 - Books Explored: 49
89990 63367 44935 2184 83084 30224 70418 38546 83222 38937 83869 27935 804 42023 33714 17074 51508 78516 55349 10550 82104 73788 41918 4031 27584 90436 9285 54601 92492 36429 28755 17108 76117 32472 10589 69342 70114 46822 28265 17641 1517 11375 69744 68849 45175 4601 95868 74493 42869

Library 174 - Books Explored: 21
60292 77703 11032 73502 43433 77743 58419 45364 91839 82773 54871 71779 70247 91885 4846 98674 30324 49784 44029 9214 85169

Library 179 - Books Explored: 19
67077 26248 64779 88973 97037 45972 43048 82608 67122 1724 61000 9295 76113 88791 4060 48734 98400 53733 26750

Library 197 - Books Explored: 25
33152 99342 52498 13460 31768 7714 68262 27302 6058 3757 66865 24883 69181 49477 12999 64078 70226 91354 72284 23389 52067 46188 1389 57709 67195

Library 200 - Books Explored: 19
93601 69149 50948 11365 79046 96392 91498 7852 72399 8083 12884 25534 86166 30687 66203 70717 67614 1787 4679

Library 212 - Books Explored: 31
42505 81801 20495 27671 8473 28699 76958 45471 95008 87201 14117 13989 52007 8743 12843 91949 96559 75569 11833 97607 90056 49223 64461 48208 14688 43232 81133 55026 28789 77048 60286

Library 217 - Books Explored: 7
12232 28936 45260 27054 58354 57434 58398

Library 222 - Books Explored: 25
80391 62096 69285 21552 64570 5567 68032 2623 21057 28998 30924 85581 70355 67028 30810 49377 6498 95974 68584 26352 82418 73724 21503 37964 24355

Library 231 - Books Explored: 1
23534

Library 232 - Books Explored: 3
81001 26049 84330

Library 234 - Books Explored: 21
90886 24326 80659 89877 62488 11052 99253 20927 70856 65742 40403 17237 12379 16221 21732 15716 36583 68969 80493 80634 52732

Library 247 - Books Explored: 32
46338 41484 84497 99985 25874 12310 12823 48029 98462 22176 21281 84388 34474 815 20787 52535 50743 4412 54086 10567 96077 7127 56536 49751 58844 78817 76900 7017 14447 22133 8567 95742

Library 252 - Books Explored: 41
86401 41992 17808 62739 64919 92570 73627 18341 81575 26792 90664 48426 75052 45869 10675 38837 34744 58173 15933 81985 76994 38084 17479 24007 83532 67154 52565 99413 84438 33237 48601 30299 48225 40446 11892 52213 32249 44923 80380 58494 67327

Library 267 - Books Explored: 21
76289 54021 80917 2974 24354 63912 12202 11440 79795 22717 95294 22470 62282 75604 2656 46441 42864 2934 58363 79101 68734

Library 268 - Books Explored: 12
98978 49347 42466 81094 70534 76870 68403 4279 57720 3162 27900 83600

Library 273 - Books Explored: 10
66369 62982 20267 14797 95567 22770 99444 29173 76278 92758

Library 292 - Books Explored: 3
93928 92155 61750

Library 320 - Books Explored: 12
66530 95940 52906 37645 74095 77392 4561 61554 3508 20827 71806 58175

Library 333 - Books Explored: 19
53761 80579 93220 79526 67591 11462 43932 83465 45897 45165 89293 24397 54066 14296 10265 17305 50011 69244 36820

Library 335 - Books Explored: 3
8950 4434 55612

Library 336 - Books Explored: 6
7684 69421 73178 34710 27895 71290

Library 356 - Books Explored: 6
66503 56204 5266 21781 61945 46915

Library 358 - Books Explored: 2
502 71229

Library 359 - Books Explored: 4
49453 91470 88181 18627

Library 389 - Books Explored: 1
87814

Total Score: 1611162
---------------------------------------------------------------
