---------------------------------------------------------------
Number of libraries explored: 21

Library 210 - Books Explored: 717
71680 32777 61450 4105 61452 86033 34837 30742 26647 8217 96284 4126 18465 30756 16421 24618 51248 53296 65584 22579 61492 26677 53303 8249 71738 98363 63549 34886 92233 92235 86092 59467 61518 30799 65616 53330 18516 84060 69725 26718 8287 92 41057 61538 100 30822 96359 79976 86128 6257 98419 121 28799 39042 45187 94340 71814 94352 80017 6290 18578 69779 94358 75928 96410 90268 28829 39073 98468 57512 73897 65714 63673 98490 69819 67774 84158 37063 24776 201 204 53458 8402 84179 2260 16595 67800 18649 14553 75995 88283 4324 26861 96495 63730 80119 24824 49402 20730 86274 59652 61703 20744 76048 84242 76057 8473 45340 16681 71983 67888 80175 43315 51509 10551 80183 67899 94528 20807 12617 29004 82253 43342 80210 33106 343 88411 45406 20831 98655 98657 72035 45412 31084 86382 72048 55665 41330 8561 29045 43386 24962 53634 14724 90503 18824 86409 96650 29065 37259 37262 43415 61847 33176 84378 33177 86428 92573 65952 98722 82339 70052 72103 51624 59825 51640 43451 94651 20923 72128 29122 455 98760 37323 66001 45521 90580 72148 37335 23002 18907 12763 55777 86499 43492 488 18921 31210 10729 57837 84463 29168 72178 37363 500 6643 2552 10746 88572 80384 10766 35342 49685 84503 45593 18976 84518 55846 14905 2618 51781 14925 21069 84563 10836 66133 23125 49752 37465 47706 51803 10855 60008 72298 94827 66157 84593 10868 10870 35447 72312 27254 88697 70269 45704 66185 96910 92815 27280 58014 41632 58017 72356 62116 37540 23213 45747 92853 66235 29372 10940 35530 62155 78540 35533 2764 47823 25291 25295 43732 43733 4822 74452 19161 99034 99035 17115 94943 15072 21217 94949 68327 66280 21225 749 76532 33530 70396 99071 21248 84737 33540 58120 13066 779 90895 47888 66322 80658 19222 62235 78622 84767 4894 13089 33570 90910 33571 17193 49964 99117 17197 37676 74545 92978 39734 72504 62270 54080 17220 9034 11089 21329 82769 99163 76641 2922 27501 17265 91000 93051 54140 84861 84867 29571 31623 21384 88968 33685 9110 31643 70559 82849 27554 19363 13220 68516 39844 5031 50083 84903 76710 97196 9133 76717 48047 39858 62388 78776 56256 99265 29633 3013 82886 72647 95176 91086 95184 27601 66513 93139 97235 37845 78806 25556 9177 66523 58336 9190 58342 5101 64493 62456 93178 54268 25598 95230 64513 97286 37894 35848 91147 74768 62482 99356 7198 97314 93232 80945 48179 23604 23603 25663 93248 78913 37954 95300 15429 87111 23624 50251 72783 60500 87134 68703 1130 44139 19570 33912 3195 91262 97406 83078 85130 11408 31890 95381 42137 74911 81056 66720 50338 58530 48292 60578 1185 15527 95402 60588 13492 72890 60606 85182 27854 81102 27856 48335 72914 52433 72930 5347 60642 91363 36066 83175 9445 21737 62698 36075 1258 70893 83173 42227 93428 27894 91386 42235 52479 89346 58626 25860 40201 77067 54540 11532 72973 93457 23834 58653 13598 25887 85280 56609 95518 44324 87332 40230 3364 19753 17708 36141 23853 77105 89394 58678 1341 15678 23873 54595 58697 66891 60749 91480 95581 54622 46431 89447 66931 23928 30075 50558 17791 21902 52624 83345 13715 95638 97688 11676 46493 64927 77215 95648 97695 42403 11680 85413 73126 79269 42411 99757 83374 91568 93618 54707 66997 44476 75197 19902 54724 50632 67019 81356 21968 7632 81369 5594 69085 58850 79331 44523 56812 91630 28143 48624 54770 36350 67071 62976 46591 15876 85520 34323 97817 60954 87579 81435 83485 75302 63024 22064 91699 9785 11842 97859 63045 26182 20041 77389 61011 9818 44640 50788 97897 58989 46707 22134 54902 58998 48758 83578 69242 81532 42624 32384 46722 67210 20108 81548 89742 56987 95900 93853 85663 1699 48805 87720 32426 18098 16054 83642 20163 93892 28357 71368 48840 75468 61133 24276 61144 46809 30430 38631 9960 42733 79597 93936 7921 12026 55035 5883 73469 20226 65286 89862 18185 44811 98060 18191 7952 46877 93986 65315 38691 38698 10027 18219 91954 26419 44858 71483 30524 34620 96064 89927 44873 24394 14156 42829 3918 94034 55124 85847 40806 61287 89961 24426 28525 69501 89982 38785 75651 59268 53125 1931 49035 65419 30606 53139 94103 71577 3997 24478 49057 96161 53155 75684 22436 94120 85929 92074 57258 14256 18355 42937 61373 30654 77759 22463 59329 16326 44999 61388 6094 57296 36816 36824 47067 55261 20446 69597 71650 38888 8172 65519 63477 47094 26615 81913 71674 43003 14332 5137 55699 60823 52895 92636

Library 431 - Books Explored: 58
28800 94081 99712 94467 40195 62081 13696 46090 47122 93587 52499 62357 40723 98710 27545 5018 37402 68770 90534 95143 2858 65585 82226 8378 81338 50747 42558 58690 23237 27976 57162 8907 76749 21587 95060 29652 29528 2264 59992 69982 7263 59108 68838 37863 60647 34921 63082 20458 88294 69485 4209 83313 42621 39047 32021 81610 42173 61787

Library 112 - Books Explored: 209
21510 31242 2570 9740 65034 29195 39443 56854 42006 50713 30751 36897 15399 91695 15407 69682 23092 88117 39478 60985 2106 43580 54333 14400 43590 56903 57933 77901 40018 22612 50261 56407 96858 27226 55900 75877 10856 9838 85105 62066 13939 2163 89721 35451 45691 27774 59007 91776 2177 59520 52865 46724 74373 91270 55945 92303 9872 87187 27283 85141 27287 59037 8355 46767 60593 75958 91319 92856 60600 29882 65218 11971 41159 73416 16073 34503 30923 19660 29392 72403 48855 23768 9943 4312 2783 31456 3808 62690 49887 22244 96484 95456 96487 98028 15598 51441 32497 47347 17144 55036 28416 53504 88322 86787 43779 69379 46848 83207 34056 60169 64265 88841 49936 73492 12053 20246 38167 84760 51993 62233 30493 65312 66341 89383 74023 63275 7467 55595 66349 61232 61748 74039 30009 58681 50493 66367 45379 13636 74566 43859 44887 65883 23901 53603 12648 20331 66411 25453 84845 97648 96113 81265 22391 95607 14201 60283 52605 54654 2944 16258 25987 97669 95623 47499 76171 47502 4496 11665 74131 79764 95637 1430 24981 27540 99737 41885 37278 52640 55725 97200 43443 81333 33207 17338 25021 55232 96194 85445 69575 49614 52176 77779 16345 72667 7647 34788 46568 97769 2025 26091 37868 16365 84462 20976 12273 75365 82229 71122 67700

Library 114 - Books Explored: 170
1 25611 7698 17938 94742 2583 23576 9241 61975 55328 80417 71202 79399 6184 2092 66610 99893 91702 48192 90690 43593 73295 17487 30803 47188 83031 73304 55389 59999 14948 48743 97898 72811 78445 82029 72304 49272 99972 27269 27782 34951 4233 26252 80534 54935 70812 24738 59556 70316 34988 15025 23543 73397 9910 27325 94910 6336 51397 38598 86734 8916 54493 12004 45797 41188 76519 62697 25323 80622 62195 81652 58616 98044 71935 53505 28931 68869 54024 51977 2322 2323 76565 17686 22807 281 36634 93470 44321 56098 29476 72485 53029 68901 76584 48937 58154 22320 78132 821 95037 20288 90950 64326 28486 327 88905 94030 32086 93529 30558 32095 88417 38242 40802 43368 67949 8558 24433 15729 18801 5497 7546 96131 87430 54662 72583 40326 6027 88977 70550 67996 73117 86430 35741 57252 71077 29605 46507 940 30134 54718 57281 48631 93127 91592 20937 51661 13262 80846 53712 68053 59861 71125 59353 68062 42982 62439 3562 6635 99822 84977 81906 33781 67575 65528 17914 36136 97512 935 82152

Library 127 - Books Explored: 109
526 93210 32286 19490 25641 84019 36412 57417 87635 55391 74849 46697 77426 91765 46709 36983 2689 644 22150 97415 43662 70799 30355 67221 28323 88751 78001 77496 15040 59081 88266 87753 91854 24278 26328 3290 20701 23775 54498 66788 37605 26343 19691 23789 51446 84728 87293 48383 51460 32521 35595 87820 37644 12558 4890 32030 29470 29480 810 24364 301 23855 54581 43835 91455 74049 81732 12104 36695 17246 64358 88430 38766 13681 9075 46453 92028 30591 16266 8588 70028 9102 15760 99219 43933 4516 35244 79279 44471 5569 17350 14794 98764 70611 63962 96219 35806 72165 87014 61415 45034 86514 18423 59896 89084 59389 48953 68877 53453

Library 193 - Books Explored: 269
46080 9218 42498 79876 19974 97800 80392 7690 83976 49161 78344 72208 40977 66578 87061 44054 60952 18969 9242 88088 58908 4125 80415 90144 64031 32290 10789 28712 81961 79914 31275 3114 16429 19501 57392 32816 11828 56886 32311 35896 34873 98874 59962 94781 52799 71232 77380 52807 29767 64584 26187 93773 4174 72270 84048 37965 43091 72789 3161 10334 8799 46178 88674 6759 75880 54379 67695 45167 48752 91250 89204 36982 30838 99448 55421 98430 76925 19586 29826 35459 37511 99464 76937 12939 46732 18576 61074 1172 86679 26266 27806 72866 54434 1705 20654 87216 16049 78514 18100 32948 17592 61625 68792 74939 75964 60603 59071 44231 68810 10442 8398 77520 86227 3286 60123 69852 35547 66277 45798 15591 47335 89322 14570 59117 71405 88815 34032 80112 87284 34037 78071 92920 43768 28412 63232 92420 3845 51975 29451 60683 12557 55054 58127 24337 5395 98581 3865 23322 67869 21792 70432 26407 49963 12077 57137 64310 75576 18234 49468 7997 47421 21311 1344 12094 39746 21824 39748 65861 94022 92486 75076 90442 15179 22348 14158 8015 96082 33620 341 47959 56155 16221 63328 50017 33634 54625 62821 34663 52075 56173 25454 45937 16755 79219 43893 7028 28023 4984 30073 53112 74107 15740 14718 63359 39809 37250 86915 59265 29575 73607 30601 76680 58765 3983 84368 31634 80787 13204 61844 29078 41876 10136 85395 32665 90011 9628 96165 7079 88487 43434 90538 82349 32688 65459 27059 13748 19891 66999 15290 89018 16315 78268 65982 10686 25023 20929 47040 58829 27597 5587 1492 31708 46556 64988 39909 68582 69093 5096 31208 96234 75241 96748 23023 80368 9210 18430 87551 63918 70026

Library 204 - Books Explored: 842
67584 88070 2055 10247 57353 69643 69646 71695 86039 4121 2075 40991 81952 73761 40994 55335 2088 92201 71723 65580 55340 43056 90161 71728 6195 98353 84016 38971 57407 18497 20546 6213 8264 34888 36939 18514 10323 10326 18519 90200 14430 75873 10341 69737 14446 82032 86132 24696 122 51327 69762 94342 80009 43146 69771 80013 82061 82064 69777 18584 77984 10400 34980 90276 86181 43175 80040 84137 39082 84138 41130 86189 4264 55472 86195 37044 73908 22711 90296 57527 35002 80061 51394 63690 37068 6350 22736 39124 4311 30937 57563 16604 45277 45276 75996 71906 18665 78062 51440 84210 92403 78068 59637 90355 98552 82170 57595 26876 18684 28928 65793 33027 26884 78088 86284 96530 35091 71956 55574 78103 30998 49438 92451 53545 37165 22830 71982 76077 78129 59697 71989 31030 65847 43319 90424 31037 84286 24895 82240 98623 6466 6467 74054 26952 16717 24910 22863 31057 31058 94552 2400 29026 92519 33128 22887 26988 45422 16751 24943 45430 33143 29047 96633 96636 78206 6527 94595 96643 88455 65934 51600 96656 72082 94613 96663 49560 16795 63900 74141 68003 24996 96690 96694 55734 31160 29113 94650 92600 57793 33220 14789 41415 70088 20938 12746 51662 41426 27095 27097 74202 90588 86494 25057 2529 10723 53734 35305 45547 33260 41453 2540 8684 86512 57840 63984 49651 12786 39415 47610 43516 39421 23037 25090 29186 12809 45580 90639 51733 534 64023 8730 82462 29215 98849 8739 27173 66086 80425 53803 6702 35375 14896 4655 8755 18997 31286 25143 88629 86590 37445 70214 82505 29258 33360 49744 57941 10837 10846 94815 609 2657 19042 39526 74343 10854 90731 80499 21108 31349 6794 88716 78481 14994 53906 98966 23191 27290 55968 21158 60073 96941 94896 82610 41654 53945 21178 15039 90825 15051 56012 21198 60115 15062 10968 27353 23258 31450 23260 41691 23263 10977 45793 51939 41701 58086 6887 92903 78567 51949 74478 25325 23284 43765 60148 19191 39673 6909 62207 45826 19203 8964 62213 31496 25352 45834 37647 64272 72468 60181 35606 66327 49945 70429 56094 19236 8998 84774 76582 88874 19245 64301 29487 17201 19249 19252 97079 23352 45883 62267 25405 15166 82751 88896 31554 62283 64331 80722 17237 68437 66395 21340 43868 90974 21345 28666 97127 54120 29544 50024 60264 64366 35694 21370 60291 23430 23431 29580 68493 74640 27537 91028 48024 925 27552 13224 7084 7085 39854 58287 56244 60341 37813 62393 58304 25537 43972 9158 58313 97229 31694 41935 33744 50128 99282 74707 39896 15321 76762 13280 95202 54243 35813 23527 9191 15339 84973 66542 44016 21494 33782 41981 21502 41988 93189 52232 58377 60424 52235 87052 72712 44045 74761 66576 31758 70676 62484 60438 35863 5146 58396 66588 33825 35876 64551 35880 15401 39979 35892 60469 7228 25661 78912 35912 74825 76882 44116 97374 58464 35940 19557 7271 62571 83051 58477 99438 68719 81011 15476 85109 48246 29813 89209 46205 33919 83075 42119 89225 50313 70796 3213 54412 81040 35989 81050 3226 9378 76962 17573 15525 11432 85165 54446 15542 56502 74938 29884 74950 87244 23757 19664 13522 68818 79061 68823 79063 27870 70878 85217 85219 99555 40168 56553 95467 50412 68848 7409 62708 19704 58617 95482 56575 91397 38149 81158 25864 85257 11525 89357 40212 1302 21783 64792 25883 97564 23839 99617 68899 60709 34087 9513 79145 60713 81198 64815 75057 58674 13617 3380 83252 32055 1335 23869 85309 66879 27968 64832 42310 25927 62793 13642 3404 36179 9555 30040 27993 97627 21854 21859 64868 52582 75116 71020 99694 71023 21873 15730 58739 71028 36216 48506 11643 28029 89472 25985 56706 46468 68997 71045 15750 73096 89484 81298 85398 15769 36256 64930 52645 50599 21928 7601 28088 75195 71104 17856 87490 30147 99776 9669 34248 75211 46540 17872 77267 21974 1494 89560 83416 75232 15840 24043 40433 52721 52723 97779 91637 42487 91643 13820 3581 42506 1547 38412 13844 30228 22039 54809 58907 44574 22048 40495 89648 77363 89653 54837 48698 48702 13886 34368 20033 48706 71233 60999 18007 30300 7777 87650 36452 77413 77419 24173 44654 69232 61041 40561 87667 28276 71285 97910 59002 87682 52868 85638 46735 3730 56978 48791 71319 87703 44697 97947 81566 18078 69280 3746 50850 56995 34475 30379 34477 1709 54962 16052 11957 48825 14010 22204 9920 46787 9924 20165 5832 46796 98013 32477 14045 48861 73442 91877 1766 5861 24295 32489 48877 18157 9965 95986 48883 20213 91894 95991 22265 83708 98046 1791 65278 65282 63235 28428 36625 18194 3859 26388 46871 22297 7963 5918 5926 96041 69421 50992 55091 94008 63289 69435 63292 38718 44866 38724 51015 28488 79691 1869 98126 75603 32603 5979 61277 83806 65376 51041 57188 61291 69486 16239 59248 38768 75637 32631 96121 3961 8059 61306 42881 38786 75649 55172 3973 55170 59271 44938 98189 69521 36753 98196 14230 53143 92056 51096 73626 92060 32669 71582 32671 12196 47015 65452 24495 59311 44977 36786 34739 85941 26552 59321 90042 40890 92093 85950 18367 38846 10179 81860 34756 6086 57287 61384 36806 10191 73680 4053 65496 90073 47066 94171 45021 16358 59370 14314 75759 57327 83957 42997 79862 20474 88059 51199 46427 58293 83566 96903 79072 7629

Library 516 - Books Explored: 169
72704 43012 27659 23055 40978 54290 80406 17943 8216 87581 62493 21029 5160 62505 65581 97327 30768 76338 80437 55350 87095 81980 45116 74815 14912 89155 14918 21574 35399 35913 95309 11342 13901 17490 62034 8788 42583 82008 8797 27232 96 36455 48243 52856 21113 94843 63103 13954 52355 49800 11912 25736 40589 32909 94353 20625 78497 15013 4778 57007 63664 47796 1205 83126 88247 47801 52410 73405 57031 78029 97486 15063 80095 95459 21736 71403 82155 16623 35059 38133 15607 8951 74744 52471 80120 66810 87809 20229 63754 24330 70411 98070 86812 43805 55074 61221 54055 63783 89899 60208 13616 13107 31540 63797 72503 45880 28987 58175 85824 35137 97602 62277 2886 11768 56140 14162 20822 72539 14174 75617 50019 79205 9575 6504 52584 74600 24435 70519 14714 29565 25472 59776 89479 13193 13194 47500 85907 61332 76696 36760 26013 68509 79263 19878 84906 42927 12721 10164 99253 92086 89529 46014 87486 91074 5062 36807 35784 52171 73165 85456 29650 55254 37855 39904 56806 24041 55795 16376 86523

Library 960 - Books Explored: 74
2051 50052 10246 83591 44935 84873 54522 71564 12818 51861 87445 54143 3101 72223 87712 77346 64418 53154 4772 30117 59687 51876 63779 51196 54444 66862 88364 35120 946 33843 71219 48693 50486 11448 52283 48316 8638 54465 7544 74055 99784 9546 39628 9421 89679 97240 17116 46174 5471 60256 84320 21090 5475 62564 44261 94952 31336 107 54891 39021 53485 15855 66161 46962 23922 10869 43639 17016 78074 76539 63356 29567 84810 31978

Library 21 - Books Explored: 383
24598 18456 24600 16409 12325 69678 34863 96307 92226 59464 82018 45159 22631 20603 49292 63628 10383 30864 14490 10405 34985 8362 12460 6318 47281 45234 61621 84155 10429 75966 24770 98499 96455 45256 61641 39119 8400 51413 32993 43233 6373 76007 76013 20721 82172 94465 18711 31004 71966 39201 49442 24868 65830 22845 35135 49473 14675 80216 47449 59750 67955 63864 4474 67975 94601 49553 78227 22935 88474 88476 51616 88485 41382 10682 6586 63938 45507 92613 4556 78286 78287 96731 59885 88557 4592 66034 80371 96762 35327 82431 64005 519 2573 98836 16917 21017 53797 45609 25134 64047 66098 4676 35408 51798 57944 27233 4707 12913 74355 23156 25207 10882 68241 72339 33434 72346 74399 53919 10913 17064 27307 76463 21168 31408 29363 49847 25273 27321 17088 78529 92875 62161 47834 58074 39645 41699 39654 33511 74482 64243 15093 45822 54020 78597 27402 64267 15116 86796 66318 33553 95007 52003 6949 78635 4920 68418 56137 45898 29516 37718 86877 99166 80749 13177 7035 50044 2947 74628 48011 13196 99216 60308 5019 15259 29603 5027 91044 64433 62385 76731 35782 43991 72665 78814 78822 76779 56308 64502 78847 56320 44037 66568 39945 91149 48142 35858 72723 80918 7195 72736 17445 5171 48185 48194 93255 68683 76875 83023 78927 85082 85087 64619 5231 54390 89210 58491 7291 40059 62591 78982 27785 83089 48280 89248 76966 64682 85163 17584 42161 58552 48315 76987 87246 64723 56536 17630 79071 52449 89315 13542 9450 60654 3329 48387 95493 42249 83213 58638 93472 21793 62754 27949 56632 5435 97617 30034 48471 73050 28002 11627 79227 91539 42398 1442 19875 54702 11695 64950 99773 7615 52671 28101 5575 89545 42443 69071 54735 67025 44508 44511 38368 48608 97762 75248 32247 89596 30206 67077 95756 50702 73234 17940 44579 85542 17962 77361 22066 5690 83523 89669 48713 87627 50774 5720 11865 61027 11876 44647 69224 91763 67201 59012 7822 38542 40601 36507 40610 36529 26292 7861 54968 46783 85699 9925 34507 73420 9933 14067 89843 44790 14085 83731 18197 73494 46873 42784 16160 73508 5931 22316 5935 89905 51012 55112 85832 77645 12111 96086 28508 65373 38752 98144 69473 59236 57195 32626 28531 73590 51064 44923 65406 6020 83847 59275 85906 16274 98211 61352 18352 71605 53173 69563 85953 94146 42948 57292 65500 38877 55270 14312 84362 39929 42330

Library 454 - Books Explored: 373
26624 88065 79878 22536 40970 20493 43034 49181 36898 96302 49 14387 59444 49207 47163 79933 79934 51264 71745 88133 72 14413 59474 34905 22618 39002 84062 41055 2145 24675 47211 63596 8308 96374 92285 137 67723 20626 90265 75930 37021 65700 92329 8365 26799 43190 35009 194 78026 35025 43219 26848 28915 47349 63742 22783 28933 69898 98573 41234 47381 51481 33056 67877 78120 80169 20789 20792 4414 82239 28990 37187 76099 78156 49497 352 4464 18800 12658 47480 82300 35200 12681 84376 35266 14807 59865 53735 55791 78332 64008 35339 66064 84504 82457 16930 39460 33335 76343 62014 27212 74318 21082 68187 10847 92770 64100 25190 6764 6770 55922 70263 57977 64121 43660 86681 4784 90801 96948 698 84667 82642 23253 62179 94953 47851 19181 82671 56048 15096 80643 41735 74509 39693 60188 33565 17184 45869 23346 41786 49984 90945 60230 54090 47946 99148 39755 13133 97101 19291 39772 60258 2915 62310 39795 29558 60290 4995 76684 78739 54164 43928 66457 56232 84904 48045 72623 82866 70581 9141 99267 76742 52172 82894 56275 64471 46042 21471 87022 7156 72696 64505 60412 60416 66573 78867 7193 97306 13337 87066 1052 5151 80941 64573 9278 5182 64576 72770 91203 74832 87124 42077 89193 15470 76927 23679 78978 31877 70791 13454 27794 91282 42146 11439 66737 56509 9406 62657 62658 48324 7375 1243 25820 70880 95468 54508 27889 29950 13570 7428 29957 54543 79120 9496 81178 5404 93484 7478 81220 99681 23913 15727 36225 52614 50567 9611 38296 85401 42393 11679 44447 97698 93603 99756 77235 87493 54725 42439 1483 91600 19920 11730 69077 42464 26095 28146 56819 85502 85504 17924 69129 28170 34329 17946 38429 65053 40479 34334 52769 95778 11815 71221 15933 3656 3658 54860 77417 48751 58997 22155 54937 85659 54942 50847 1711 81587 18112 67269 73413 52933 34509 11987 42708 83687 55016 65264 83696 18162 30459 26367 48898 16132 24325 53002 32529 12050 26390 10014 30501 46888 30505 22317 57146 46909 40768 69440 63304 55114 71499 61263 77648 96085 44889 18272 98154 16248 22400 34702 46991 38807 67482 83876 26534 8106 71595 36789 34743 20409 83902 28607 42942 44990 63429 6089 92108 61394 67550 36831 8160 26606 61423 12272 73712 36853 71670 63480 67578 55295 5591 70314 50036 52496 69127

Library 610 - Books Explored: 18
78272 2017 43687 40090 37643 17175 30253 11309 69611 78961 23549 90707 56564 23479 38266 29693 23454 43710

Library 624 - Books Explored: 248
84993 48644 27140 25095 58888 48136 22537 75787 10764 18956 5134 9232 70160 87058 96786 15891 2581 27671 20504 30747 96795 78366 56863 2083 30244 547 550 88103 84010 73773 50223 21553 63029 12345 78907 37436 59 48190 79939 58949 31301 90181 71751 86089 44109 49743 97366 69719 2135 26713 80985 56412 33891 20984 86120 3690 27248 90224 99442 65651 81009 6261 14454 17531 84095 38528 36993 57983 70787 77443 23172 24711 50312 13453 13966 57488 29841 22315 29332 39573 667 48796 67744 12961 76965 60070 7848 61097 47786 16554 54961 55473 2230 44222 98495 76992 7875 43206 60615 58569 79050 45262 92367 77013 23256 44250 17121 55525 50406 82665 8430 41711 9459 17652 85755 97022 38145 91395 85771 76046 96537 71449 22810 30490 38690 40229 19239 11563 72492 75052 12078 17711 68912 53548 59186 66860 14128 54585 84794 31036 10557 54589 71999 21823 92480 47426 13122 4420 58181 64327 95559 2887 66378 66889 85836 62798 48974 45394 21842 58198 71513 56154 53595 45913 90462 31585 75618 29027 19301 83814 32108 21357 56177 99188 77173 47992 99708 73087 48512 97665 31104 21377 65411 92035 38791 66952 68488 51593 51595 93580 98192 17809 32146 24985 38810 97690 64415 11682 79783 10664 7082 89006 20399 86449 67508 8116 56761 63418 58811 86972 36797 73150 84927 29118 88517 59335 75721 87501 26575 47568 57808 48594 51156 31700 53716 18391 85980 14302 20447 52192 85474 52194 84452 85988 90600 44521 76778 51176 75754 62446 10223 98801 20465 16887 12792 42489 18054 78000

Library 667 - Books Explored: 6
48430 73064 43725 53557 75481 10428

Library 89 - Books Explored: 33
55433 92173 84625 81810 20116 14869 56354 41125 70570 40236 11181 83761 12351 20161 97987 80963 79813 42953 75592 16971 9553 71383 5593 39132 70496 75494 63207 21103 50040 97275 90749 85356 56661

Library 12 - Books Explored: 39
5379 54660 90885 51717 61577 18828 40078 57232 67985 73110 25368 54304 67488 32424 11313 29112 92986 21563 17982 80068 50245 21701 77001 64716 18255 74065 52179 79318 24032 4196 32869 65770 26483 45685 16375 76380 6145 25393 24298

Library 15 - Books Explored: 38
640 85505 49922 89219 8709 50057 42378 71190 62621 44189 64801 35367 63399 22570 25771 18222 82100 79668 95288 79034 87356 83648 98624 64192 84676 59080 980 58969 55773 44384 26339 59235 50277 37229 12655 97136 53369 14130

Library 125 - Books Explored: 10
1730 55339 24848 7536 66935 91387 79022 15586 9552 3144

Library 345 - Books Explored: 38
69386 60044 909 8460 22031 82196 38678 59800 71580 43678 91040 34081 62120 41904 11569 94392 89275 48445 49726 53952 14529 47044 46918 51657 35146 57555 44631 18780 27876 47976 18924 90733 9072 58235 52092 13096 19434 63367

Library 694 - Books Explored: 113
61961 44044 40973 78353 48663 73754 17441 87079 26153 50220 95790 85043 51253 84535 5185 31819 9295 65627 17500 77408 65633 2666 22125 27251 40052 33923 98437 88723 9877 53912 14494 77475 19113 46265 80575 94413 14541 62162 67794 8406 43737 42717 77539 52451 96997 66792 62703 47865 88826 80641 45314 27406 9490 89883 62239 87842 92453 33578 41258 53036 2865 75575 18244 63813 30022 77125 26950 46921 18760 16199 62794 90966 76633 15196 44380 41309 62816 25443 5989 39270 3959 43383 53631 88450 44433 43412 97173 46488 16799 97185 33698 14755 66981 32169 79281 68022 32184 76736 46025 8138 74186 2517 42462 78309 30694 78829 60399 71669 67576 39932 39524 80724 93389

Library 847 - Books Explored: 79
20609 72578 27396 82949 12422 85512 41225 39561 54411 22156 29071 81169 51217 99608 75545 26138 38812 42141 24609 25252 63531 66347 37677 90670 60337 70706 96179 46772 67379 26294 79287 84657 76859 35774 44095 42176 66495 97475 4292 94789 39237 3269 78284 86479 69074 48338 38492 82013 12766 64991 94813 78945 16866 11107 78947 91237 23784 89449 85480 17258 94444 73069 92137 52720 25073 50162 91513 18938 85243 37372 55550 29906 59991 69423 10969 63177 75372 94844 46298

Total Score: 1627815
---------------------------------------------------------------
