---------------------------------------------------------------
Number of libraries explored: 15

Library 345 - Books Explored: 99
10102 33481 19434 71301 38678 698 41904 58235 46239 967 71140 880 5633 82196 70269 9844 89511 47976 58714 49783 91040 2793 18924 22031 54833 47044 70045 51657 13096 32967 54759 90733 89275 48445 16279 49726 83797 58569 46918 54618 14136 69386 57587 67453 48436 35146 52092 62120 27876 2813 46541 60681 62251 81026 86962 25649 38844 93210 11569 94392 9072 8460 71580 53331 25490 25046 14529 35454 57555 85130 75269 13273 44631 4985 32687 32086 59800 53952 31543 79204 63367 18836 70007 34081 3643 12122 79533 11155 43678 67835 46830 77433 60044 40688 93506 53371 27194 909 18780

Library 610 - Books Explored: 203
19723 80022 46758 38887 69611 83909 7220 6673 58335 78961 2857 79718 22627 54015 44352 12358 83073 7307 46079 82710 59879 81530 96976 13789 29798 58099 39202 83587 4782 36164 53321 29024 82738 6382 77575 16376 27551 30253 23549 7971 66344 67596 53679 50814 95904 43710 57910 61949 40484 78272 69044 6304 16288 51525 2017 24718 2556 23104 4965 56183 46507 43343 56973 350 33879 64385 65338 38266 25449 34021 37809 99487 10466 19294 40090 66434 5494 36598 21251 48923 60818 23464 70392 30826 77919 21146 77148 39263 56761 49223 54627 62571 29717 43687 47079 55927 17484 90707 98867 15529 69319 98493 86382 73937 73008 16397 37643 8808 51343 84857 4436 52427 67142 55589 17175 44138 36182 16232 11309 20865 57200 2365 99951 40304 4533 47997 91613 29693 9804 72813 1347 72153 19020 9823 15866 76166 35888 24012 71434 21642 4476 31348 88698 98230 59394 52551 3935 5888 18519 95302 15809 76031 23702 24351 3263 41003 51300 20543 83839 15025 74686 60164 75791 66737 26865 75846 9206 53337 71205 17211 69038 58627 17445 35189 39114 86258 98350 46521 94180 26384 91827 98767 9645 87706 76763 4781 66882 53036 85987 45925 23479 34064 97655 78920 65640 6484 44519 12914 56564 63753 23454 8650 36756

Library 457 - Books Explored: 640
81942 32054 98068 42357 68958 72723 54905 32346 13915 15254 81156 36863 16581 49126 45430 99355 71845 59931 61707 19427 47031 52234 52550 42745 56238 3237 65230 36603 67623 59156 72765 40557 61186 84264 52293 63428 38659 43551 1428 82470 51920 73340 26427 97056 25276 35310 7595 60557 7870 19509 48671 2411 37152 18600 21310 63867 94352 33499 93817 49972 15715 3246 29040 25887 50109 1469 35433 82678 80857 51378 78842 48253 72455 59105 54057 98842 29259 96276 31389 46707 94306 39495 58973 16364 2776 60094 1339 6946 30865 13434 17132 36346 71835 73976 36472 43795 18538 24306 98397 7095 39011 79023 67011 36893 41570 9837 23241 17230 59559 15126 85683 52537 3961 5049 89194 46347 3956 70481 35957 59529 73752 3584 2615 58229 55729 2788 84571 18510 49487 22196 40680 84065 60296 63567 31339 67928 36631 49100 94843 34283 13538 97930 41455 36859 45070 31868 6942 86149 48956 16484 55081 4814 91951 51068 770 14989 53858 85907 66164 75150 53507 3204 40760 3042 68973 11327 64020 70229 19804 39279 89319 98413 58993 17220 48512 15660 11671 3379 80292 68332 62170 46889 35401 15819 99334 11233 9104 70555 76197 63040 49233 51899 7479 58720 19318 5634 23299 61773 4121 39673 12492 47868 35878 97085 91764 50545 5678 76527 95221 5621 85801 17219 8366 53125 97886 96789 92487 65051 27822 5073 45973 23258 61615 94685 52970 48831 45214 33452 8433 63440 77447 98695 43482 37474 49095 71398 54814 55085 91407 45044 10457 73443 52864 21633 73795 21819 7135 29217 52505 58073 73251 23754 90899 44175 70693 53881 67982 39233 51716 64030 74698 97407 77798 94625 92238 99928 48833 42780 32082 22564 25446 59158 48491 23501 56947 78596 39463 55381 39937 35630 55283 209 2350 55796 30211 81558 47603 2700 22733 19080 68067 58745 3893 68962 40286 31000 70423 1444 66769 63000 90274 26568 50879 52258 21520 11766 31852 16326 29606 31116 22412 11850 75643 23541 63035 13300 96930 69348 23578 5573 11045 18857 56905 41360 96111 2382 75205 9551 66943 79964 10787 85330 50709 83391 41878 6540 28118 74938 59886 17267 16179 35215 1978 25469 11463 68113 40019 96964 66901 7101 19567 11302 27202 48460 45097 77144 16592 53674 63198 61857 76946 95853 4412 67598 75073 74117 51613 72091 61636 16406 2524 71669 80677 75783 97567 94347 19072 89563 12699 73331 74023 52491 89684 42240 72997 7429 26211 28578 91247 43200 66192 75288 16680 4556 81478 2673 7421 17741 36113 91774 16477 49327 50725 97861 7914 24778 85093 14003 67555 46201 88845 32055 89893 44438 69826 78229 21209 71451 57559 79617 95075 30292 5495 88198 10162 5533 15351 75640 11145 70512 73374 96437 21686 63555 57345 5982 14880 5119 48610 8057 66605 7825 18223 84536 4043 53841 76256 63761 60253 99347 7836 33895 51621 13751 56139 38940 99607 34828 67523 89969 5310 22959 92951 86334 29624 85450 99016 6619 19685 10169 91961 61577 34820 3996 33534 23466 26223 88842 65523 20602 56971 22101 1452 18192 47537 76685 18172 92539 72501 75029 74767 4193 91100 52777 29445 26449 84453 29354 97725 90559 60793 11082 86510 84073 78018 2086 84089 36792 69431 41264 96764 97824 41578 24026 30816 75810 29342 81726 13501 12797 38123 89356 75863 43581 99549 49159 13866 91460 24263 7326 12857 31788 17228 33804 24769 29420 17479 51694 75305 79677 6194 21674 85140 75926 25191 37564 81043 23665 80834 48844 73066 58836 26875 21799 59909 83014 79779 88746 35767 81993 5150 79039 8983 67483 73384 83281 84999 98188 59057 30722 66051 99492 69261 32454 6993 39076 71034 31225 91528 74493 36871 17055 50616 16837 36588 96720 3735 81157 75209 44320 39107 35911 88587 34527 31226 9207 56591 69182 70386 38767 55450 66783 44126 48915 98156 68166 70962 62985 72904 52101 4639 52121 19954 54607 62334 18649 72602 20208 59636 87832 61830 45295 3209 52575 17101 84607 72079 49518 55972 23530 14099 48898 9126 98235 71067 81008 36700 20004 57784 68451

Library 177 - Books Explored: 126
74321 18181 92339 32965 10371 28319 83061 83060 7822 19438 23564 46398 56669 51731 81748 76332 27772 78317 65757 69063 36636 69654 16810 95438 6538 33264 44520 81600 81081 72133 40886 47043 83095 91831 95917 42961 22797 50176 89138 63957 94921 16781 82259 31469 60087 17176 19783 35874 95259 55849 78665 66595 74737 8199 45934 55270 42268 99464 57325 6434 7280 67881 90667 45459 56867 5816 24553 68196 28698 37883 84554 18531 65496 38987 1052 77240 8960 9347 57192 7112 3607 4070 91425 58825 73161 65063 92012 426 43876 6141 54247 8926 8079 81585 1897 78138 64937 66205 77539 97519 81892 13797 52995 33662 85438 11647 90825 5756 41858 86073 62070 40236 16744 30518 21688 23560 99911 7733 7944 95462 23442 4569 42272 28444 16567 36525

Library 147 - Books Explored: 897
9532 1430 63835 18438 57065 79267 65988 81130 16157 82326 19216 52313 81638 17391 71295 96232 83647 9958 59768 19805 13991 83985 8215 99936 94892 11388 38471 66250 79729 9242 18040 70314 87297 82083 8622 69758 70126 94300 29926 34490 11614 44375 17842 23082 70500 81069 88424 44387 52114 77929 14759 62695 33171 79978 23390 94854 54791 34244 78410 67471 84083 70278 11435 28605 76788 30117 99508 98666 87565 10836 56321 61023 40515 71180 82215 90446 83856 16047 62301 10832 14182 35958 38149 13083 12585 44987 6821 7383 36594 82723 89058 12108 38305 58436 35929 98710 99966 84331 13757 71257 42719 58782 93889 48236 70894 9736 68495 14585 56462 27556 69029 81155 92423 52584 87587 69353 56570 80265 62847 38677 44769 29758 77335 53423 7823 16641 53535 41430 50727 52553 78374 20797 15547 65437 87420 72802 82208 33716 77019 12624 31945 3582 57521 48343 46428 68828 81933 24497 37692 45491 52557 79286 15765 64248 90605 38101 18317 33408 97504 1549 21348 43291 34588 85284 60462 2827 68714 83923 38570 30244 89327 68754 27750 10233 96508 30207 16255 46020 50784 40597 74543 60041 33099 63310 93798 79109 79568 97523 2335 41701 30210 14735 31628 6997 49270 92283 33467 10675 4795 66614 45998 55310 499 37329 61943 26034 9923 68965 57384 24124 28697 2446 7153 84028 79953 51227 43541 87053 74262 42313 97764 16608 7155 31876 95251 40225 77968 76658 41159 13386 90110 1443 23257 46929 90126 53594 65501 16919 96453 86074 61900 48277 56130 57168 11571 31737 48584 11972 95650 64672 44577 19220 68445 54631 49890 63703 66716 11747 61939 86266 20072 92415 26695 60687 71330 3045 69227 36654 73218 78177 85664 75287 31376 7556 45281 93176 27145 99337 83417 19818 28332 9679 30586 88871 28678 49200 31685 72175 73228 56479 59425 47932 35669 4646 81196 21383 82638 93139 36979 53095 78624 3152 22676 83231 21539 66271 35062 39898 68610 48318 14882 24033 43325 50272 19313 34803 29474 48207 44247 67024 23802 2600 84214 55507 85294 88092 2309 12332 62172 85862 1055 79975 46805 32780 11844 38419 57074 62392 88879 83702 55009 75244 63597 29294 12776 21495 81475 10692 30465 34791 39864 12944 49371 27646 97084 51822 18781 45873 63449 15869 20165 45127 44286 12404 12312 41153 55866 31831 77757 64339 87110 68477 81391 81240 92767 63905 40716 22095 78140 59493 29280 18763 86570 21692 81004 70969 8487 49471 13882 95753 12375 30645 36052 17455 43637 29604 34463 69582 11823 12298 90717 90033 74405 66085 811 67716 47531 80426 17818 33101 31235 69085 31297 45816 96405 7856 5579 42599 53971 47406 18769 80801 71326 36608 47933 16184 52711 59210 38037 11065 73075 75817 70235 37239 870 61265 8663 17907 60893 52833 10268 93320 69379 68560 83301 16757 6525 60952 25899 91520 79010 16866 11329 59920 94452 77033 96872 95218 28790 9961 99215 76444 93379 25198 29830 59159 99727 1178 30533 10097 78171 4543 60852 53937 74235 52906 55039 95274 47967 34015 91161 43096 44669 68832 81902 90778 30532 14272 49404 78049 17366 43018 6219 77326 64536 47375 48178 55760 92062 5309 92272 14211 13211 9118 60243 10123 37035 65697 14803 83606 1033 45702 86441 48810 2063 44785 69688 39184 90321 17992 7800 95273 57810 42383 71066 94411 34681 89043 23490 86301 97277 40396 67006 20318 33692 30592 81077 64667 19455 29651 82294 18545 99402 87767 87899 48768 64364 56171 58494 28712 25471 35762 26917 59940 36500 75380 39098 52858 84303 58540 38886 73397 32197 73350 52943 78158 25521 75593 57070 88251 28838 20526 84212 98165 17264 18019 51908 56066 5518 2456 70256 77129 84035 92336 65626 66251 68201 20429 24941 69586 4293 13934 60363 43530 25081 73241 5892 20726 74836 69076 88154 94324 13238 51888 16834 85857 48954 51306 54872 3913 70373 71216 75215 41646 46767 45220 35545 80795 86057 98566 26871 28328 99374 26741 88645 52783 93782 23652 30724 36939 26994 66820 65515 33956 69707 16075 83178 79572 46263 77222 34919 44787 97777 4428 65079 90185 52896 69245 6225 77032 41849 71094 37506 8231 6535 91175 60789 77244 19981 46732 74730 5719 40273 7398 84399 33398 76093 79241 62895 69201 92333 38641 25705 20832 15048 65506 21558 81279 12220 71752 4035 90344 61436 33898 40562 76433 25726 37345 41168 28857 68092 39012 12211 81789 67311 61837 40520 93991 67801 5486 13896 46407 84565 58663 37079 43116 66776 16435 9821 66612 5978 77670 44470 63338 66182 49685 48390 56172 53012 63112 38169 89455 99875 45020 6939 72114 78950 32805 72063 31367 54317 56005 37519 99456 7108 36187 11335 66835 29973 22322 47796 52921 77972 34184 22165 22092 98504 95540 9351 24071 12369 79626 62591 45071 5712 63516 42723 97016 9047 43271 47858 41914 70188 49848 70509 29045 27777 44168 17118 32506 75580 83117 23500 55734 61311 20465 17813 95575 27999 28558 39005 45918 17699 14521 68837 67196 3723 95883 75442 20895 46490 94706 39900 1516 48312 31149 60637 91745 79863 96594 53422 66507 22516 20783 88318 59190 46580 26029 77532 94211 10149 92497 28540 69248 25515 41924 77112 35513 64239 93357 36536 10782 59261 73646 82344 73240 64999 35703 88874 1249 67510 39511 52661 15403 12474 79213 50269 90030 39147 21134 95419 89025 57307 41022 95426 57651 91559 48791 13925 20627 59434 31752 1242 63218 93871 76807 18878 28333 59334 39246 83821 12042 83230 52614 89548 48909 25426 75436 69089 53855 35235 75740 63730 90192 62082 59756 3959 96513 58204 6229 80320 91689 23147 21808 31268 69646 87845 13713 25371 70728 30661 23624 86259 27264 23514 2598 55638

Library 44 - Books Explored: 363
83722 1308 7930 88762 96817 2778 1688 29595 5052 61644 96561 70713 84850 8601 49396 90677 32673 36741 60754 24216 85818 10415 60052 95354 81761 69384 35836 35051 99985 52167 51583 37566 4251 17017 92748 95525 44009 45933 31982 68785 17173 32502 33037 66183 42382 78495 37457 59644 4340 68931 58493 31034 19641 81359 74929 10558 18802 75489 17044 63102 5869 97011 40142 22043 45584 41534 21003 64087 21019 63024 18449 67583 51532 71227 54238 62057 35495 3443 17878 65196 15854 79582 41477 28180 47669 22609 99421 29897 58247 77096 21332 37800 51053 66288 17812 80096 16266 4182 50910 55705 20685 6844 72394 10620 40120 18881 74873 98380 86239 86630 59714 42387 55112 34422 48559 90304 52145 9086 26992 44069 36722 12525 17015 4233 86278 15200 45231 65704 70664 76386 80529 28534 31681 24796 1170 59521 46892 2234 12577 73047 76127 34324 92337 82356 86366 95479 60921 18729 50303 58342 468 90394 32812 20206 95244 940 34176 79532 51398 88415 9388 34584 84182 46004 84553 56485 98169 94933 61097 16433 84712 45546 30478 37571 77826 73831 80428 59486 53342 89150 60724 68869 95284 53729 43309 95039 95810 54766 477 36898 34551 6155 22839 62611 39978 59000 42790 40370 99003 36682 52304 92616 83043 94730 43760 98085 28138 87915 92432 13954 41793 90217 3461 17984 62144 39886 93621 93728 73758 37369 91198 50764 99564 21847 6857 93215 78311 90079 90666 93686 92044 86621 87171 61074 41222 38797 43664 40285 71899 67458 25163 89280 67077 61655 32190 39097 60884 37962 9760 32574 89635 26700 23077 73064 46841 84804 68555 6451 83348 32444 2114 41042 32297 46864 11434 67588 25555 96662 33163 4194 33443 36343 3868 49712 16854 30536 43437 60196 33362 67624 66715 39616 514 74380 50659 95834 14513 43825 16158 33740 22170 15969 80102 94732 91676 72596 20040 67400 28718 63599 82616 60504 12486 64608 99712 7590 20134 99020 53733 64654 50771 43296 38397 5547 50098 51927 21277 40985 22376 42783 57328 33685 2792 75869 87874 81745 37945 15661 39180 57361 82222 24881 13880 67733 29201 79415 21285 95147 14754 69775 53712 2995 51742 10382 7226 17686 12758 86846 68064 80059 20601 19556 10141 23386 24515 97167 6499 31051 96087 68602 8584 62092 12530

Library 694 - Books Explored: 924
72048 39524 64397 94233 9877 14571 97138 36312 51078 43383 33867 61054 40953 55133 54271 47120 38632 17113 89888 45251 77397 37238 49460 52103 9857 98020 15198 80704 24343 89316 50915 12774 26509 97099 39789 30202 53767 36511 51180 68742 62162 10773 62239 53271 90196 16199 7514 76765 50148 50530 72024 3099 84231 83946 33162 9761 42404 69599 8619 91765 28458 70602 90181 85982 53182 42422 56213 61961 82187 47865 64448 83274 31506 69304 85523 88723 54989 10964 93142 25116 88481 19284 11516 72364 83942 34080 53452 48619 9360 32523 90043 9490 21455 65425 4377 61894 6447 14481 37873 53163 78309 2507 78471 71959 55049 96856 56273 93192 46265 6784 4199 78267 13923 42824 65628 19344 63077 39932 83518 53413 31727 13837 53440 10761 12343 68242 58866 14265 86135 28198 66273 13820 22125 31819 31862 93732 12398 12401 98519 26973 17589 65633 19457 80641 33698 66598 53224 55633 70589 88030 841 24589 29412 92344 5927 75047 23577 99455 62703 52507 52451 66501 73754 85426 9156 62562 46539 26982 70779 23523 11886 79866 90592 4996 15476 42960 96118 5164 11715 36487 92233 27406 77372 36527 47832 27485 55622 63851 95628 91486 50220 92538 89883 2865 44471 87690 9965 159 22741 21645 46289 73415 13489 61999 91893 9295 46921 37117 72199 77010 18450 11210 76021 51450 57673 95847 14563 39729 92453 18760 62912 17500 26950 28052 12935 75258 13036 9095 73787 83650 51885 4886 72505 45314 93737 53631 3449 96675 67742 83567 68859 22874 97713 63288 68022 39581 18047 30989 82593 65118 98437 74731 45929 22347 62816 2188 16805 4285 42976 99527 37659 62379 26711 2901 17209 37422 62601 46585 68286 38257 5185 71463 97173 88283 42707 87481 17045 95015 69668 98173 27259 74350 66632 76860 25663 65966 69506 38249 7968 79152 48516 15840 55890 26378 84787 44433 87494 71887 52689 84896 53186 47802 53158 10751 75618 21084 30846 63128 52618 3615 28127 29580 36349 24636 29316 41886 90496 92587 97185 89879 61105 23009 69709 46304 3700 13623 81739 92022 58708 73810 62081 54955 5117 42710 35181 61368 7079 14108 38262 28433 35032 43133 16799 64207 4992 42453 86141 57820 21713 24631 63458 31494 8908 23483 57724 50526 35053 14678 20819 44402 97074 88162 63813 72746 83754 96315 55371 8372 22726 73967 89446 73434 51293 205 27129 26944 41258 65316 47541 60899 8992 10003 18244 18747 13242 72212 93814 73552 12078 63392 66795 20902 73836 67497 95790 23383 3632 63140 50446 38731 7000 77591 50558 74476 85536 77475 48322 271 76940 55954 48037 65027 44723 73635 46249 59936 13237 78353 97119 28452 40509 75816 58332 35110 40757 10838 10163 33240 89071 7604 43737 29123 82632 12053 98797 9806 90573 78696 11763 55320 27397 98924 74800 43699 35518 15735 62794 39024 3029 771 87533 99186 58769 66981 99111 3656 57478 4621 69027 91061 65518 55367 15627 85363 8138 88457 67794 51384 51775 10243 43723 81251 19513 60206 42393 1168 58902 29877 64952 92915 7355 68157 1556 74843 44077 6924 33155 78704 36478 82522 55604 93809 58236 53899 84190 53475 70149 76440 71338 41309 78829 61883 43589 6278 8238 82592 63919 5004 3691 27271 80170 30884 40053 34078 15197 40418 29400 37318 33657 62094 28911 16164 88826 12745 83988 31582 42190 89020 10247 20434 78086 53001 73040 44044 84040 27251 24674 31668 11157 81985 34117 27083 48663 34413 87079 48290 40973 66634 55024 23401 31936 98132 63296 14072 93981 33277 97285 47444 61904 22098 1552 70369 41775 22533 11690 94565 30736 82853 86396 9805 95122 5989 77408 19035 17441 84743 19834 59791 31197 84445 91704 52675 84535 15157 8521 43973 42057 14411 87842 33578 70047 92110 84032 55166 43826 35322 65955 1835 60399 88910 35550 17892 8406 1318 4167 54912 26153 74075 30788 59163 53104 61361 57727 47212 86968 22281 63708 95887 82960 90966 54360 76736 32647 62934 75278 6405 17800 51363 58292 34739 35352 94610 50925 94679 40654 95324 79672 92402 53912 78465 73660 99397 57477 46279 57072 96667 51124 95851 24714 9309 8046 58464 97825 66492 26390 86205 18377 5545 6720 59577 85226 69743 46488 76152 14541 94413 24822 51717 62360 69436 95279 32521 9528 43363 80724 87028 8243 96997 60353 66042 66172 81482 96131 8453 75575 15451 14755 6132 69416 28344 74186 50335 30694 68399 85043 26288 27084 2666 72176 29637 53606 86770 51554 8320 90578 64803 1818 96617 57776 33713 42717 10716 56699 8419 86384 66280 8273 7549 74619 15196 74229 10734 87722 7139 77221 88931 30057 24066 65470 18939 66792 46025 70573 13347 1438 22499 88013 28011 67367 25844 85017 2095 28824 90925 88450 35918 18235 9469 60837 42462 51253 61003 31290 51984 28808 98835 32579 89158 27384 82040 4095 33923 80575 60430 14494 9658 85153 77669 60496 53190 54253 57982 10408 56981 49305 96528 19199 4580 79281 56207 71127 44380 99857 43412 46141 32169 97314 16978 25443 29988 9203 6020 64587 44983 16669 19113 20078 87571 27182 25216 6452 32756 49612 24981 16359 42933 77607 7211 57579 98054 85052 669 24555 75250 76985 80132 43791 20289 42900 76633 27886 13026 1494 27915 76458 86591 30022 41046 17458 94215 97964 76228 21432 78869 25221 38423 40052 56386 31427 36398 65627 60993 7617 28120 60202 2014 26367 63164 80596 69717 11402 77175 74451 35307 93389 98844 82732 27788 63209 58747 21987 2517 8506 1506 66012 22019 74368 53369 24644 42002 77149 74997 16345 61492 33811 19554 64813 39270 29242 80880 68548 88104 60105 94144 12099 4581 15788 32184 72527 50359 35216 54239 20199 66664 31793 65604 67576 6143 33857 88006 23534 41346 31972 22960 6814 53818 53393 96151 13809 24203 76548 67105 44276 39274 81336 73494 6369 99344 30986 46499 35150 77125 77085 13470

Library 201 - Books Explored: 671
98313 17082 99781 99652 15720 12392 85007 36237 78398 23080 28491 89195 4068 99650 64698 45124 19990 19867 84468 33464 59263 21127 73151 53266 68900 68009 91341 96092 65950 93739 14973 72250 70937 82261 38949 5279 87376 89017 492 85176 41514 31908 26949 9852 68478 48174 37036 82350 51969 69503 31625 34733 54427 35478 78662 90562 53667 92240 96079 69060 61713 82275 96326 70559 57029 54887 83446 78946 29185 72488 65783 99035 93931 27679 60569 14334 64953 27866 6967 92688 85050 86682 83588 39882 54599 40449 37898 76153 76065 81127 18494 68999 40732 80505 40313 29227 96370 83536 82651 47652 66592 74052 50262 90696 88648 33999 65815 85364 99563 19138 51165 18972 71679 74193 81487 68980 93184 56607 81375 10896 53783 7183 33168 94167 98434 94656 61076 38268 45444 55293 77421 14415 47473 50856 99517 10879 1003 16703 38345 56136 40260 76448 81847 79305 16509 5139 75067 48476 63312 96076 16892 39287 32934 32748 51966 95249 42541 11922 27503 64717 53059 37307 62721 99695 58585 69522 8906 39130 11577 73314 43065 16500 87102 29952 69886 47310 55253 64055 89254 33882 11478 63864 41625 56521 73890 78422 36671 32079 29077 48451 60643 74 50797 93716 39851 76283 13295 67665 16731 99981 53544 78241 3370 96210 91290 22615 83426 24495 12436 90897 69365 4762 61260 27416 31006 29430 45928 65554 77262 91123 95655 58622 25878 66193 71683 52099 31615 43481 86124 34389 466 12154 71011 74911 11960 52104 78323 98610 57580 50708 31464 22683 8250 18929 47684 99732 37372 67714 12628 92865 33490 6533 24727 1892 52079 61612 74081 93748 66514 9097 46893 27714 36071 38445 98409 59387 17707 41086 57743 30088 87319 77196 57962 90310 93428 89797 26307 51971 83461 28354 15185 94563 60762 92695 87491 26904 69647 75011 85681 99869 1784 17387 78103 37114 17723 94916 75342 19330 61356 82882 45689 70048 34302 34863 69468 61555 84992 62450 51743 9605 85352 12722 32759 92359 84382 2207 4648 30242 11005 2093 4230 44599 83626 77060 60579 90472 19790 50690 8140 58406 78321 84364 39516 16273 20376 6193 6419 42012 8567 72228 69131 80332 84806 96505 1536 7497 44682 10684 95970 11867 21831 15243 52718 97187 13800 74915 48348 90874 72019 17483 97133 51996 21844 88616 67880 57906 59395 91433 64012 17674 28016 73328 70546 41730 16079 27193 71726 24276 44264 1291 71340 26164 28085 94724 80044 4259 82142 18119 13641 30683 36278 92723 39610 51999 74872 99669 15050 41028 80680 75674 28758 31816 10544 56239 58862 57447 9653 9160 36838 67384 7099 62270 70981 99341 50016 6551 60618 99581 74909 59481 1896 29407 79984 26047 87344 29124 26355 67151 91156 29453 35052 87448 26336 29853 43611 91735 93069 70345 43818 66687 52552 13520 8951 49955 72710 43120 10449 93422 70360 25462 39416 30961 12338 82087 91793 56090 60683 25725 76535 47719 73864 20658 75338 16704 75633 41776 98094 25969 33808 12031 20486 95295 30492 63745 35139 31462 77187 59707 49807 42389 85992 64148 57654 14369 63153 69623 36947 25180 85899 33234 15384 42729 40544 88713 28386 22441 35039 6266 69905 6279 94244 61120 1037 98385 14419 39966 89225 78871 30477 6583 90208 3086 67111 80479 17555 92241 87476 92441 50367 27 67308 73756 60091 6922 6745 95567 35921 79512 70384 45451 64395 98895 55636 80182 76805 31547 71717 70210 82647 5447 74483 44152 96325 14242 55082 35368 5523 65381 98281 3147 77713 99847 13047 68184 90543 64976 53817 25252 8364 97976 8623 72380 82975 79052 79507 69073 51205 72706 81178 34618 32318 56223 62627 27338 63605 92626 80089 69738 70813 95811 86945 49236 92574 18209 71262 88794 10859 3008 46440 7938 74590 17612 29374 10407 75896 4691 8741 64867 14312 87973 53124 5575 85270 90156 23269 28874 91075 35864 24785 43224 89401 51029 82043 59570 47164 68850 537 65204 32125 48064 98739 39875 1806 5955 47606 73659 72266 80712 53755 501 51884 12177 2965 20424 42359 1976 1559 403 82971 89884 12859 18433 89946 72130 23519 81273 31530 20636 6599 58313 30322 91874 62484 23966 64700 52964 49288 38327 55423 95024 28175 19823 50857 86738 30894 55991 47625 31941 93256 90907 33872

Library 517 - Books Explored: 613
40778 26345 27420 6397 56055 16400 18968 93934 18413 84900 79900 70919 57260 4490 56284 96349 96890 83467 19907 70479 10993 65058 38989 82385 21577 51876 9654 46354 49696 19043 82080 64992 25840 31255 93950 84394 864 34865 89662 25680 10059 6389 96952 71785 99536 84173 12336 11605 96591 42353 68010 97062 7425 87058 61425 66850 49197 98335 9004 61477 38054 92737 29584 9750 23543 63863 72624 46160 16086 68720 43522 36072 4517 22312 9426 58347 90653 25931 72033 77744 27310 47519 36493 51295 87426 80243 53939 53412 24886 82941 41079 88293 33498 9548 4117 97739 92749 29174 86555 24412 71729 62535 146 75080 76111 65463 74863 82318 67856 94482 34042 24082 53298 11762 88411 59287 97820 94043 47859 45835 3446 45767 82442 67890 81743 1721 96023 51240 86981 12704 40419 57767 94516 26969 91179 53255 88541 75724 7083 11404 22604 13113 94662 88279 32611 35693 57829 92314 59860 83703 74634 14440 58107 12843 43081 58280 44219 46205 24837 83795 62116 27844 92769 86040 67664 8435 91754 92838 96782 92876 34533 6979 98227 67552 26031 54135 63716 54100 78372 91221 55196 46906 32327 65727 39822 26346 90579 31909 2046 5382 38290 61273 52782 65893 47279 67051 63354 60434 37476 89555 33301 37775 71630 90287 17947 84584 41643 23662 87361 27918 17218 93489 60478 4336 76336 10150 80976 48205 41966 28453 48033 95057 94319 69367 85697 70237 92156 93634 80453 97605 87260 95370 8331 98131 93416 77552 60960 86927 51546 20444 42390 28515 53354 97161 93219 3012 6976 54321 40444 7005 48588 93985 54683 70003 83361 70816 60061 46930 95586 61464 70624 27028 840 85278 84472 87088 1243 88146 6953 99479 70652 17039 46935 47318 71969 1912 33859 63241 12911 56727 33904 36324 25589 79531 72449 96593 6396 33661 20974 84263 74266 15778 57775 74684 21695 41089 5884 27250 17598 47500 41664 22029 39063 82445 24744 12697 19268 80791 87811 28856 70577 67943 97502 24701 43959 8519 56146 66972 96156 96865 44454 3979 51855 26782 10327 78281 56445 28743 3105 18269 86919 32303 12950 54744 13565 56522 56424 39269 36913 72803 69810 93639 98487 66650 764 38876 86664 73563 68807 10646 70054 40415 75991 65264 48241 4677 25367 65827 28674 79738 5192 53072 43838 47195 4443 66226 48328 32671 2420 75225 77142 17378 29127 56439 96701 83571 83146 87578 51386 71446 35788 25911 46217 96283 71144 81297 37379 84046 779 53673 84476 99279 39305 11022 8583 4002 44340 95182 22093 89430 41063 33981 98045 88722 81844 89569 2249 93119 12430 89869 80990 91599 24003 90741 54455 89505 97535 37894 48786 72748 54948 57011 42970 53091 13213 11416 37199 90119 15883 61019 68879 41928 58787 64044 56554 84176 36156 89178 4725 63660 8800 62115 67514 58780 44330 54420 93059 52941 86318 44896 73030 53860 34743 11589 73489 78521 65609 10147 32036 9190 32538 33653 60632 45286 8514 86287 65747 86435 41669 860 31540 79060 64983 36642 60912 35969 184 81925 57798 30077 36762 86892 54762 68234 83393 68059 66544 49420 18098 58368 1361 55448 41572 95906 78414 10192 76055 9714 42140 36316 37187 57738 39160 71981 60252 39216 76961 47042 35370 81246 33655 48307 44280 42297 15844 64237 40317 77098 73733 29767 32032 84813 74428 58169 92846 76995 86888 80363 96893 52948 10318 87161 48537 9303 90280 72247 17683 88176 65210 11194 72994 71561 5584 68875 96217 76067 66231 77286 80949 62159 81848 25412 20262 24477 72045 2905 39711 54370 21554 77524 618 40063 93967 18307 19158 94209 49899 27109 23174 51585 48298 30656 12356 44310 53249 10166 59515 21054 34594 75948 56882 61285 58684 33076 75465 8756 27949 52878 5012 83266 75977 94989 24228 51672 84338 58822 66023 98825 41554 30401 57140 27760 31574 35588 62740 58925 32287 21784 7734 27412 38850 49956 58859

Library 15 - Books Explored: 43
84676 58969 18222 52748 35367 59235 87356 63399 26339 8709 44189 42378 8958 59080 82100 87516 62621 14130 980 55773 79034 50277 49922 85505 83648 85045 79668 87066 37229 89219 44384 71190 12655 64192 5171 95288 22570 50057 97136 640 25771 98624 64801

Library 901 - Books Explored: 908
33238 741 5551 4557 50380 72798 10024 3402 57512 87601 91374 33771 24144 31734 32969 22277 74912 41526 2154 92952 49104 11826 99913 24372 10639 96572 49719 19081 62467 18464 14127 34255 42032 32245 45778 31128 57802 3112 22517 23271 75747 4350 97783 65487 56883 802 3468 37801 9037 63580 16653 33053 28539 20574 95076 9120 64222 58254 408 57091 34587 73173 37521 52135 48378 79646 50296 21952 48806 79043 67465 1697 66764 44416 73737 27041 31256 31659 98001 88240 90054 90451 52828 29885 66640 90017 4897 61102 40839 2139 22645 22599 27648 28341 88763 23817 76340 72733 13132 3540 59046 61683 52752 84994 84572 16853 28715 59361 61628 51146 37942 56289 32614 95500 67631 47390 38284 65785 15587 55193 27500 43586 88042 88331 74393 88124 32301 77920 26156 96062 45219 77789 38567 59589 43417 2756 5931 76614 42692 40118 81499 1214 19932 32784 96666 81115 27793 81968 77978 63070 72422 20859 25227 61250 33718 57638 6137 37412 46050 45756 54671 16547 82777 33629 73650 3608 90583 28112 47825 38277 5845 26437 92761 31901 77616 5995 89274 62683 32372 31333 97616 74807 16416 61096 38924 37993 69904 4928 19227 80707 7499 40707 46458 67232 96511 78905 92507 60089 52289 54918 32423 70342 69390 24894 46382 62913 2196 54218 31088 86584 29355 35779 24970 92392 17022 33841 68970 66237 8026 15151 81245 18556 56210 23605 33125 15526 21450 52490 44157 72149 8979 343 72779 14238 55114 89638 11174 44294 82627 1747 74152 86412 50556 71274 39686 77541 65680 71186 44750 385 82028 61547 8848 38263 2260 11977 43582 66050 99269 23190 25535 38835 77608 16409 81571 35493 86540 33363 79238 81329 12822 4667 25752 43379 29100 33320 39749 20949 76397 44063 57275 87408 49057 94235 93095 88953 50242 97944 61692 4322 54998 71667 43129 46840 64788 27279 20981 95684 28277 36457 36614 57514 21093 20808 73846 94376 10908 83819 9904 62272 92557 41673 68890 91779 55664 92808 86786 57581 31877 55588 9910 19793 24484 43457 69551 28671 54256 47610 29540 40617 45672 78565 28041 3176 74908 18735 74623 63194 63687 32203 93589 64291 48227 21751 37629 96905 76061 68130 85251 47534 6423 6915 15688 61800 14488 28519 20224 57094 59360 36672 79369 5361 8962 43243 74586 96282 94860 75936 62461 51992 72589 80304 91324 11884 98285 47103 78441 29048 95396 39815 22925 71461 35882 73657 69539 2258 18655 10188 49940 67730 25012 98186 28049 93665 24750 66302 81826 18751 64341 67014 12090 76026 77190 14168 96763 24320 7793 74794 18656 82796 21313 35872 21974 20043 27486 98137 18197 51137 75420 22212 20392 88858 67482 55048 96975 8200 59291 76993 12759 25275 76876 77841 40697 4609 54686 30672 77555 40284 33188 59767 82046 60771 33207 64424 82067 24056 24594 50294 4801 6355 25934 79881 79423 1072 18793 60723 49491 62692 49604 80390 36170 85003 1838 16487 33630 35397 14772 15505 16476 14359 36917 20100 94826 13002 94992 24807 3670 82682 11191 34469 35704 13924 54698 15278 41143 47169 68324 96215 36270 37460 19503 66686 81390 41450 72695 36532 37763 53120 38885 76790 87399 18214 39442 27859 47723 65883 54876 92256 82419 86349 9105 91657 56693 63783 76233 94513 16042 71364 18376 48793 87568 13043 82421 14333 57522 92877 74578 76323 71178 39435 98589 44336 86980 89431 33132 75962 42267 9842 15738 71666 27571 2334 52755 78247 70146 56796 30685 61406 46957 3245 4467 94701 38256 8395 69438 40808 75493 61323 73982 79745 22825 54219 26504 43654 22225 65505 93240 8249 21942 69976 23684 13886 33829 18601 99887 14508 49928 41312 33957 50960 66665 27375 71740 11843 42592 9339 45694 81032 31796 27494 82433 47396 82249 46881 98496 93016 3424 20443 16048 30245 41299 43994 53428 41057 88167 45575 17153 20001 2319 6770 10672 90585 56280 30259 67271 46607 37408 63821 28187 43773 77535 49655 50585 80070 80118 36554 55091 9692 74477 9897 68638 92067 71934 30643 33533 13826 87727 10556 4834 40580 75556 80530 53566 92871 53979 61745 38343 46017 81903 54864 11395 85656 25979 62527 64679 87805 95252 15303 46710 97245 93754 65097 6870 33670 18407 59157 66057 16833 46999 11737 21615 39265 84519 49281 83149 63090 5435 33097 15375 65672 73229 59143 86118 75979 49072 76169 45792 54289 39939 23700 64417 10374 98983 60850 76105 42056 35127 22905 18219 6329 32267 57794 77298 97860 74376 77405 32238 58690 65809 74758 56448 86855 29631 22427 58025 10531 22998 47576 70642 18554 143 18189 77775 58457 26218 35379 18267 13427 51841 13303 55362 33587 46907 84564 67207 33220 38252 8064 4127 10358 20506 37213 6780 87037 41070 3819 29808 50843 85850 13533 85954 60900 37047 70077 56399 77704 37964 51687 31834 59672 13943 17020 4800 11816 9996 95021 3542 34374 69595 66935 26778 25373 44530 19861 83148 7649 79789 58962 78097 44779 76432 84788 48456 22956 36965 50271 97767 58015 79816 73001 61195 71696 17135 45359 60781 2495 6959 20964 78683 30593 51101 86482 11156 64305 99914 85139 42320 86356 71579 59950 27442 54739 9859 11874 77160 15987 93254 48091 38100 86527 27819 31145 49275 80278 93850 28782 88123 41221 35913 72094 27756 4160 65354 22086 85167 5767 85111 81820 8107 26140 17513 28989 42597 95557 24539 20932 94971 56501 27162 84781 37880 3101 55681 79065 15541 41650 7400 46047 13173 37171 99143 3184 57742 9579 23856 54769 77884 19468 90016 28982 81180 99542 5482 54146 86505 37295 61374 84112 89689 20031 76377 3817 88900 56098 96697 37842 57068 20415 30700 42974 36351 32863 7586 58124 63907 62653 18323 20759 74427 13035 50333 17059 87954 42038 10504 82948 52306 47734

Library 210 - Books Explored: 752
39042 98657 44476 31084 5738 38698 92636 58120 83578 79331 3997 57296 749 12763 9034 75684 58626 72148 85663 35786 42411 79406 85738 42403 25598 27254 12026 64493 43451 1185 58014 19161 72890 14553 25860 90503 66185 81532 53303 76710 51248 59652 52433 92853 50191 80658 75995 11089 89447 61144 50632 20041 32426 97817 16681 79974 67899 10154 20730 99757 9445 10027 69971 28747 50788 94340 97688 63477 85520 67888 29571 41330 17265 31643 19902 91568 85413 88572 10855 98419 31155 65714 16421 81435 68516 67071 61538 80175 72021 73126 91086 121 744 55665 27501 74776 77067 30524 81913 44873 53155 4894 23213 15527 8217 54140 22463 6643 84378 10973 21217 69819 22064 11634 31890 6290 6094 60190 20446 30945 67175 38631 72035 93051 66931 79269 37845 78093 29049 9133 23873 97695 61011 20226 66157 23002 93457 75197 49752 65519 29168 47067 83485 52624 47094 27856 92815 54080 99034 33571 6088 39858 46877 10766 72647 40806 82769 78540 95518 93986 46774 21737 48535 58530 9829 85929 87111 24776 65616 44523 48840 80119 21069 84867 30654 54079 95638 99163 91363 488 8172 61450 84518 84503 65071 54268 30858 93936 90895 73469 82886 7698 66997 28143 62456 13089 29633 25291 94120 51640 30430 1699 42624 20744 99265 34839 7921 78913 8402 28829 23834 84903 60823 80183 96774 3013 69242 54066 33540 27554 14724 84767 36066 37363 4324 55699 66523 71680 38691 84179 89346 62976 77389 48805 89771 53327 18976 54902 30606 9177 72178 13492 52479 24824 38190 4941 89961 18578 6257 81548 86274 95581 11842 55261 32777 62155 93248 42137 30742 56609 49035 93853 34323 81102 91630 36141 3364 48047 18185 61610 5883 84060 68703 37323 26647 43415 26419 98760 18921 38785 53330 99117 20807 44858 27280 63549 43492 8561 97235 56812 55846 50251 94497 84861 88968 17783 95381 95900 24618 44139 8473 42937 1341 55124 83374 61388 72103 62388 85847 14332 17193 85182 11676 11532 8376 80017 75928 24962 7632 19570 30756 61518 98490 52895 20923 93316 72298 54770 80384 26718 62482 37259 64513 86428 66235 31210 60606 45747 89742 46493 10870 54724 15038 97286 84463 99071 42829 43733 82339 30514 76532 77215 94651 9960 60642 92235 11408 63045 59825 83345 68966 81534 18824 13220 71650 35447 61373 21225 78806 96064 15429 72128 4861 58678 42316 24394 44811 42733 33106 83175 23604 84158 70052 53139 2552 23125 37335 27601 72783 65315 29065 89982 47706 13379 58017 44324 51509 52469 76641 30799 84593 4822 57258 34837 18191 17708 69779 96495 62235 66891 95184 21968 78776 75302 94034 91699 77105 88697 1258 72973 18063 70553 81056 13715 26861 71577 54595 14156 44640 48335 3918 96910 20108 86033 45704 80730 69597 66133 41632 95402 92464 71142 89927 60500 7952 2922 58336 30075 84737 19363 86409 67210 36350 3195 80210 17197 26753 45593 500 4126 55777 37465 49402 96410 27894 58850 86092 23853 92978 12617 12898 29122 51803 58697 8287 35533 71674 17115 37262 28357 36816 78622 37676 64569 74452 84563 92 14925 47823 2764 15876 55035 87332 83173 82849 38888 43003 34620 98722 74768 9818 82253 39734 37063 54622 92074 62698 4362 98468 5031 70396 1931 29372 96359 16054 46809 56987 98060 81369 48179 18465 53634 72356 91147 79597 14256 43732 42235 37038 51781 89862 32384 99356 91000 91954 65286 2246 93642 24426 61133 11548 13598 42227 20831 42575 14905 71483 21384 90910 22134 33912 72504 95176 49964 35342 54656 19753 94949 93773 10729 60008 65584 61287 93232 72930 45406 76048 45369 26615 21248 94943 97897 94827 57837 64927 80945 71814 60578 95230 43386 34886 28799 95564 28525 91262 81507 40230 87720 97859 39844 66322 71983 45340 9110 78080 87134 9785 47888 4105 75651 18355 45521 92115 87579 71368 58653 96284 65419 46431 94103 93892 5137 21902 58989 25295 66513 20163 10940 16595 37540 76057 48624 67800 27854 36824 22579 60588 5347 33530 96650 84242 93618 21329 94528 98629 30822 46722 43315 58998 84308 54707 95648 45187 72312 53458 204 11680 18516 2618 86128 60661 17791 26182 73897 67019 5101 36075 26677 61847 10868 60749 67774 83642 66001 77759 76717 15708 904 96161 53296 71738 23603 93178 90580 5594 75468 455 16380 33570 98655 70893 54540 74545 60954 90268 39073 43342 10551 97406 85280 69725 92573 18907 91480 15678 95300 22436 35848 24478 94358 69508 46591 72914 86499 37954 4210 51624 48292 35530 59467 68327 7198 44999 59329 46747 15072 66720 33177 91386 65952 40923 81356 25556 48758 100 39272 98363 50083 97196 63673 69501 59268 79976 31702 50338 89394 201 61703 13066 56256 83078 40201 10746 61452 45412 29004 85906 33176 19222 31623 23928 1130

Library 622 - Books Explored: 833
73819 24788 61355 43980 99990 11945 56224 75293 14445 77674 21162 13889 6747 41976 16791 86269 7861 94525 38356 75881 71158 67725 34500 52843 43888 65905 81045 18109 52942 14269 24920 50754 92606 43934 31120 14631 43136 33672 74752 69566 68670 88438 25657 90326 16619 29179 1930 61190 60310 71220 69336 19521 92077 52192 6039 94849 94952 63216 4598 39127 8042 81812 60836 56797 17269 19024 86084 44185 53047 29718 53106 37478 58135 28847 26238 5105 38130 45134 44481 55406 83248 43276 38377 20474 23379 7051 761 30195 26016 24980 78260 92802 97241 34619 87916 14266 80459 94255 23049 39458 79523 20167 6268 50963 40335 63048 17298 42713 80569 40417 5387 94885 16233 62066 87157 49930 18579 15029 64024 86098 48157 32114 68589 73994 8773 80446 15952 12470 15789 53030 10609 46146 36246 94546 30467 71700 50773 92168 82258 58594 49079 29525 34315 42875 87734 82536 66700 37157 94089 74664 62530 61111 2179 99427 98742 7058 41111 34330 80321 78989 80776 19970 4617 39008 6129 18692 9820 17952 70508 50836 71565 79450 36443 37170 63559 84560 89919 80168 44643 16667 16557 19808 28190 26855 30065 48679 61754 86161 42784 9015 90745 22264 90872 27429 8856 56110 51564 52940 7382 39660 50487 10482 79651 40357 10311 4001 28295 20738 89928 35183 88101 39373 8553 80506 44775 43318 24157 57781 61203 53718 95658 70075 74801 98379 81629 67649 73781 83540 66077 64238 24937 92609 57740 4559 97159 24261 12250 91145 56472 84388 77465 11557 60552 72674 42730 63163 67715 5423 4188 73645 63236 14162 31741 65250 24909 69258 95996 65810 20325 56998 99682 2463 65418 38350 71651 36006 26706 26135 93410 73098 98151 28560 85474 49341 40585 44557 87655 61094 86602 33786 43960 36146 10237 84389 34347 47405 85285 16258 51268 98354 53251 84789 72806 96184 52979 1094 354 13289 56704 56589 62579 98164 18037 38066 55221 84326 3867 58451 76604 62481 37918 70072 99480 82568 96854 86346 64831 46043 14181 39618 72487 21200 62863 24686 86507 71482 93432 34889 10920 24266 35308 95340 21720 3652 18013 36547 71893 69753 75842 74341 67977 56525 46118 85256 59469 38082 80864 85874 79609 47715 52976 21550 40204 66014 1278 43534 64740 20811 23785 53814 8348 71584 50732 82353 55056 96771 90107 81393 31065 71022 53587 49277 87335 59525 37914 10234 85957 99571 66062 49586 27838 45437 95104 86279 50702 50567 29377 80370 54553 47141 13775 31413 73187 7308 6876 17658 19193 24892 75173 74987 19865 87559 57087 47990 602 77064 89111 49509 27274 77626 98560 27653 95413 40062 71724 67920 85313 66857 67935 13236 53653 4222 79321 8677 3243 16188 10208 93366 85855 83322 68117 5629 6595 88774 69046 95576 53340 19290 21048 79541 56231 61908 98830 14937 65351 45005 819 69762 87264 46348 61864 61654 15319 24161 84544 50189 29627 38131 20888 58422 36579 10104 34571 82369 31666 19145 45684 78712 13842 61524 54696 28746 31391 43014 1757 10257 68490 75076 92930 5560 18162 57593 22220 97111 31748 60667 15520 26773 83138 33645 34468 35296 82816 29001 19933 58294 32124 38347 82556 14524 26278 9595 67002 88786 94924 59541 55990 26109 19878 22983 15652 21263 51207 42895 95020 39069 98578 29970 55942 68189 87942 11343 71936 26891 12206 67956 34677 51690 94111 37525 83375 51286 66639 64112 4553 15543 19630 48595 5200 17823 9442 32814 93507 964 2108 95761 50028 37935 78719 7501 80601 9577 43986 45069 21756 48819 97816 42853 42663 9545 5899 49263 55390 12414 61062 12616 74035 46836 22424 47618 64197 46816 15329 66481 88443 16460 51810 96494 35149 79028 32622 60560 10088 58770 29236 68889 34964 27802 90334 76452 28585 87793 93007 89093 38559 78945 77927 41676 43320 87904 60763 7249 13860 54592 88817 17494 39838 80415 20647 48195 52987 67194 75692 63205 68447 51647 47745 84997 52882 40148 39980 90320 26793 31488 64411 56648 51254 15470 27823 20953 10293 43160 8982 21126 92582 19595 67617 80778 66297 27086 29680 67380 45029 31613 21257 95009 30399 34249 27410 96547 19007 9220 44018 64939 51951 74240 49297 7352 72820 42988 6226 32547 50103 22886 11444 59325 26166 29975 9492 23829 3610 87360 59536 19901 31718 8387 46140 32320 32411 98599 62922 82003 27593 58711 7695 93098 81604 27452 91217 5588 77571 73147 13519 67216 29458 29337 64346 44909 68676 72533 85713 58058 11064 3393 4591 72315 85539 3313 44043 84989 94725 54950 51796 40420 40229 89918 7940 60123 76084 72641 4419 17914 78003 27283 76501 33465 77269 16759 84602 66136 64681 23107 66844 26723 38574 18823 97206 71815 75328 20531 58439 57650 32363 18196 65125 16893 92018 22056 54029 27231 9783 76242 40896 38890 33736 98013 14837 72483 9771 65403 27724 62634 69784 69864 27138 63186 68392 6336 62223 13638 40453 13093 93729 99509 33792 4466 23394 28994 28365 68957 61184 88800 40206 97059 34186 54456 91272 30017 86933 45560 94945 50139 43831 24331 55057 34414 82103 81319 63055 63421 27007 19718 40701 2873 44337 18193 34690 30321 27797 50416 12070 92301 85296 1809 88373 60795 75855 69578 67131 67392 91776 65557 93857 12202 4328 5727 5069 662 79384 95785 10599 61779 59841

Library 515 - Books Explored: 639
9345 15853 71077 26884 76962 44115 23958 19964 51354 64016 73395 67404 11296 18566 25241 12846 32217 28623 84423 39899 73664 83600 65216 74366 28331 77387 80368 79922 72606 6319 72542 1590 94462 65290 60119 37769 48680 70635 47712 5060 10984 92733 61430 98273 14821 6001 72038 63132 65333 51307 79915 19006 83063 38712 97586 86590 26877 25052 75065 96490 18734 92801 31895 96538 263 89421 56030 79810 2659 71716 83880 39811 76095 60200 67667 38706 54723 74835 37630 27731 82499 45758 10927 48243 11000 39806 84802 76636 16318 84859 92382 69236 96614 19578 48986 96393 51062 56095 97325 4454 90538 48797 18728 8272 62706 40772 98193 63633 60242 35648 23510 4751 3565 46395 4099 82959 17584 34141 306 31493 94549 62542 58923 57321 1962 8836 58132 60602 40803 42263 36102 73092 2360 34668 87201 10220 11126 34678 75005 10622 91753 41679 91426 28434 3481 16239 1269 87124 32957 9030 96314 8734 15434 10798 86289 50768 47515 9985 22629 2754 35228 44903 16330 21364 62759 86725 70973 70125 53208 77420 16386 71366 39653 5614 50628 145 97445 20343 16292 72886 79937 93924 1636 82466 56360 33978 37650 74614 84155 19272 6338 5251 42122 94168 29166 90615 50662 78877 13982 59586 75693 2876 76760 85780 47481 60162 54235 43827 8476 61635 50800 52774 84988 78656 58858 19089 27828 84982 26906 67426 59861 66948 72961 40911 76422 3866 50980 303 2146 39083 13626 66989 55661 93529 21859 84237 70268 90327 57114 37097 69859 71902 9555 80191 25285 9471 84169 65739 15215 21677 11554 35224 65029 83989 158 93091 27744 11290 12339 34882 87983 75157 69593 95073 78463 92054 51510 58915 26058 60916 7030 66272 58279 56455 80938 34582 96939 39002 1685 44148 70989 51033 52510 19340 36038 75787 17732 6560 25203 82908 83107 27929 98522 96143 65099 33217 48393 8652 77122 88236 83137 47854 93262 66661 63986 30073 10060 24093 78418 57003 30790 17558 26456 58755 43759 60006 68940 92087 82218 50614 19606 87640 75755 38051 70698 91200 42872 78438 65495 15847 95093 32693 42700 53990 1575 81974 29339 20126 52226 27221 56039 40448 22073 85641 24630 65660 63709 944 27586 52681 80703 42238 66770 54954 44817 33834 50225 83303 1207 83307 96026 72201 59826 67221 24389 16219 91413 25430 77197 84130 76510 65460 90705 82824 21460 76235 94802 26931 30725 56565 50712 93742 30638 86339 39584 92987 90673 30589 3714 69170 21687 99496 40164 42394 40986 8007 8581 20213 68489 94606 45387 67607 89935 73168 42369 18024 94425 35278 53550 66711 7080 15409 69112 68580 7085 74867 34279 20969 38868 31223 62663 54270 92004 56193 35856 71625 94396 16221 19481 33861 78723 48226 58516 72090 70272 30123 21151 94165 86323 42110 61070 57292 17944 8349 72070 99850 29594 23600 73453 16479 88033 85268 63413 97653 18234 49757 45137 88574 49668 78974 35851 87817 99677 62785 63945 57273 21512 48651 69796 89898 51790 23982 20283 89813 49815 67659 44303 94292 54010 11574 63085 57755 18512 40349 62390 41763 74876 63021 40818 97612 19536 6375 72471 4066 6762 81625 44546 45088 48830 21413 65104 43948 93972 58103 40183 54937 30955 41695 44966 1434 96683 91450 3722 36553 41788 77253 44576 1085 23480 89872 45113 68835 72789 23391 23841 95582 12311 22181 81443 88267 29870 10916 4995 58394 13407 60013 7229 9152 86185 39077 66910 75727 91984 79218 90044 69495 13869 79557 68745 44655 74338 23135 45210 2665 65773 70159 94905 6840 88724 8970 41467 39118 67513 40510 29464 3704 98801 22647 80050 64115 35399 99937 26414 92974 53501 70764 25433 40800 9306 67908 33273 42551 28737 38855 74012 75243 42944 46540 24779 95489 8793 84318 15834 47816 46045 39679 49936 75259 44013 53627 84762 44608 68699 94029 90306 4625 2664 43480 21781 64675 9130 87084 23163 69777 80082 5129 97758 56684 47451 19274 44229 40514 3469 79425 19913 24284 11426 78529 85843 2894 6554 75367 83501 91658 79770 5254 49565 48991 70796

Library 828 - Books Explored: 232
34155 75728 66413 87458 38167 68574 2823 28777 34773 53745 85100 73140 4461 18980 27840 82843 85406 55917 85734 3014 16449 91126 1480 7248 8098 72060 2531 52375 68257 92020 1686 39708 81782 35622 42916 98189 18313 35018 23376 53021 75180 23692 66241 12275 16089 91117 66697 68779 35147 6992 35341 27688 6472 38873 90002 75443 77621 22624 47567 66534 15807 16889 92332 4537 38042 42358 27341 95406 61981 87176 24152 95845 99118 49301 94868 24450 57018 751 17866 49131 99949 78231 63663 30828 22873 31703 35972 57219 82706 69973 81307 92103 95669 76474 9228 2980 15601 81481 73742 36929 97904 93656 71399 64447 63037 39108 29931 19336 89501 60188 93730 55830 40548 44979 30258 89281 13909 20433 39831 6841 7874 8697 46880 3757 98223 76553 68591 26021 48271 23764 90710 43606 19662 9144 44503 93605 49457 208 7088 93929 85072 83710 40483 86415 38456 77128 5626 92540 6969 34907 96834 24862 63827 73555 69301 91645 70667 26009 59459 44036 5466 6115 37466 95101 87445 38829 87062 7582 84674 2682 74828 81901 22245 58093 73169 92689 1844 7616 56412 69018 94356 93685 4184 55489 43947 25467 46051 20511 53339 20700 64506 36416 75772 76750 71248 90213 82577 11170 12002 87872 18239 62140 66825 32139 75637 63447 76151 15916 51589 41162 89257 32062 82633 42437 98754 14139 76777 82354 68038 14331 20006 65168 55072 99819 30993 83590 35023 47187 86781 82115 24797 73452

Total Score: 3324194
---------------------------------------------------------------
